-0.0009815413776913 -0.0028000005700856 359.9997532453800200 0.0000515179793141 9.9147873760092562 -0.0000723547882311 0.6108668128988734  1.8849555913085851 399.9950770619375900
0.0001713316295029 -0.0042622655353102 0.0005830476682023 0.0032009020478976 11.9900976061983400 0.0032753623079654 0.6108685411753618  1.8849555910331937 399.9934624411961900
0.0011344248573795 -0.0041196740359166 359.9994147176644200 0.0030662206405515 13.9837618023226900 0.0035028189318784 0.6108705821223768  1.8849555913307954 399.9951958495026400
-0.0022994797786959 -0.0007194448039990 359.9987649739064800 0.0021276179711650 15.9965143801734530 0.0022248652574221 0.6108729399475553  1.8849555915816700 399.9966309651999800
-0.0003828322866329 -0.0042843875758661 359.9981084367639100 0.0011976773190501 18.0913425316535450 0.0015786775142627 0.6108756269475748  1.8849555917041216 399.9975562766291000
-0.0025365643689095 -0.0006374984651036 359.9966357532408100 0.0003040523120106 20.1480315761387450 0.0006579970633080 0.6108786362431093  1.8849555916523708 399.9976311025077400
-0.0043897263668828 -0.0001418732382731 359.9962765138225800 -0.0002058160715756 22.1302546725650370 -0.0002582691865444 0.6108819525063141  1.8849555914790090 399.9967444171985600
-0.0044750432832330 0.0025219997191787 359.9942228844746500 -0.0007545952890286 24.0686617846950170 -0.0010134357918570 0.6108855695664587  1.8849555911358480 399.9954939022047100
-0.0042016454830079 0.0006385674633037 359.9933069774419300 -0.0013699996648804 26.0093223556751130 -0.0015265718825939 0.6108894927965962  1.8849555906744988 399.9939472379087400
-0.0050600452891983 0.0005113298584355 359.9937106498080700 -0.0019089922153945 28.0200146137071190 -0.0020661484874459 0.6108937452032672  1.8849555901697008 399.9917945708647800
-0.0053511344866185 0.0039967074410501 359.9949573403618500 -0.0019644097405486 29.9515861647583610 -0.0024557660575778 0.6108982849207617  1.8849555896811381 399.9892815200794300
-0.0049647353281486 0.0066128803879810 359.9981452528583100 -0.0009803553656360 29.9699140157701540 -0.0026206097068197 0.6109030065533624  1.8849555894069501 399.9867858119977800
-0.0054722549759268 0.0098683615147739 359.9962971988601900 -0.0003304420932611 29.9749291513523130 -0.0027520655857890 0.6109077251958147  1.8849555889885869 399.9839889757695900
-0.0071490444105958 0.0098181868562452 359.9961448444791500 0.0003708409952102 29.9848923905048640 -0.0031403617315453 0.6109124469668631  1.8849555885825011 399.9805199325002700
-0.0089758529782613 0.0109850567837539 359.9952489156564200 0.0008769577577057 30.0075975560697260 -0.0035603108761973 0.6109171766822532  1.8849555881170514 399.9761245610734500
-0.0092763123296341 0.0116783900158247 359.9947966280930700 0.0011128504935951 29.9935695321455360 -0.0040496378460685 0.6109218887021843  1.8849555876296797 399.9715634365821900
-0.0075492879779777 0.0147543827809089 359.9926678387973900 0.0014383561854649 30.0138184712626880 -0.0042071683482352 0.6109266197326049  1.8849555869252415 399.9676978408325600
-0.0082911203251269 0.0135920710410232 359.9930931141855100 0.0018794519142046 30.0010936916272040 -0.0044230303493065 0.6109313322429708  1.8849555862643168 399.9634262831657500
-0.0092428185400221 0.0141864771814430 359.9931398088761500 0.0019874262193112 30.0187884324875680 -0.0048069466611726 0.6109360636359147  1.8849555856364935 399.9587493257128600
-0.0076366731908137 0.0143257121280220 359.9910135149976900 0.0021013398812530 30.0079488933511950 -0.0046820299554303 0.6109407770049968  1.8849555848093735 399.9546426688886000
-0.0077162493027567 0.0163459023051324 359.9928456136735200 0.0025032748051635 29.9808361558062480 -0.0048635601261032 0.6109454764468888  1.8849555841230377 399.9506664148507900
-0.0093541072795027 0.0130102887459507 359.9912832618918500 0.0023865655995158 29.9924506937390230 -0.0051295361243425 0.6109502028752820  1.8849555833479454 399.9459505420706500
-0.0092409249662912 0.0119067978360296 359.9922668336813000 0.0021618765840565 30.0120015101496910 -0.0053848199436320 0.6109549376905213  1.8849555826582987 399.9412136930212100
-0.0099148196157318 0.0104323803512908 359.9907720311173300 0.0016076341875044 30.0140879450076060 -0.0056192752330335 0.6109596598194282  1.8849555818514487 399.9361386368460100
-0.0106498584476767 0.0109548291663627 359.9875547327943700 0.0008698679254801 29.9979369120762160 -0.0057850352980948 0.6109643654977665  1.8849555807479188 399.9306370053332100
-0.0116434034583007 0.0103827957913813 359.9856105997355900 -0.0000325914927578 29.9926829888101560 -0.0060679966287064 0.6109690791471271  1.8849555794710779 399.9247002623599800
-0.0091204836486812 0.0107214041433109 359.9817147625296300 -0.0010872185467650 29.9953834566595030 -0.0062879451413809 0.6109738000991370  1.8849555778194735 399.9199516867114400
-0.0073059552744078 0.0121603996146283 359.9845454490455300 -0.0016101543259956 29.9889096259179770 -0.0059914730778687 0.6109785123920134  1.8849555763856027 399.9159172357877300
-0.0076998240075219 0.0092703939904508 359.9872473071120000 -0.0022153013208596 29.9697709701355920 -0.0059885995491711 0.6109832099743578  1.8849555752136418 399.9118017027881800
-0.0076864839094661 0.0081664330827192 359.9882907069455800 -0.0026745627323348 29.9668393788090090 -0.0056852725539861 0.6109879229290709  1.8849555741168589 399.9075678875697100
-0.0053913444863714 0.0082537283414492 359.9848920948711000 -0.0035032559142285 29.9665838291746170 -0.0054390999715393 0.6109926389523898  1.8849555727161340 399.9045118035886000
-0.0050783895165486 0.0075993647466381 359.9849935634204000 -0.0042866067330585 29.9934965608946160 -0.0053708442125655 0.6109973876273692  1.8849555713092829 399.9017482131832800
-0.0065641857930415 0.0052948115526725 359.9840980236041900 -0.0053134318498950 29.9967234850874400 -0.0052050224934818 0.6110021103181287  1.8849555698405451 399.8981391006702200
-0.0063389357891638 0.0055020467726797 359.9848694401061400 -0.0063876771728292 30.0062801680240230 -0.0048802796477214 0.6110068417508476  1.8849555684316639 399.8946224255454400
-0.0061347121206201 0.0070267675298500 359.9828399051428400 -0.0075104412684635 29.9981866925371210 -0.0048595002228459 0.6110115515070559  1.8849555668214748 399.8913783953294700
-0.0028925923139220 0.0081467004010567 359.9804825546424400 -0.0080548129401167 29.9910308117521110 -0.0045890519305866 0.6110162615452162  1.8849555649298477 399.8896197012223900
-0.0006596617995225 0.0094925311614419 359.9803330900161300 -0.0083759356092817 29.9802522340472950 -0.0042729704805569 0.6110209662640557  1.8849555629978008 399.8889615972348100
0.0015860456317156 0.0089178085526386 359.9780787030555900 -0.0088229033891071 29.9917154649809560 -0.0037992692370756 0.6110257021752629  1.8849555608466630 399.8894464180010600
-0.0010664815317647 0.0081849141958184 359.9768603793288000 -0.0094716769768409 29.9926254439256400 -0.0034059199388468 0.6110304234757318  1.8849555586029383 399.8886273053630600
0.0009381053959450 0.0064967927166117 359.9767496979222900 -0.0103283368696493 29.9855048642673340 -0.0029384804142348 0.6110351325345487  1.8849555563862219 399.8888029321229300
0.0009529188773521 0.0040641472564559 359.9760312254291000 -0.0112363289858667 29.9813361420144910 -0.0027197913588229 0.6110398457781243  1.8849555540899583 399.8890907420632700
0.0016088086051228 0.0053226573659725 359.9761305767501700 -0.0122539948013844 29.9761380609861310 -0.0023669866213931 0.6110445568681336  1.8849555517974226 399.8896770091151900
0.0034846831157155 0.0042488352513812 359.9765388404678100 -0.0129990614864528 29.9749879173325480 -0.0019866066786972 0.6110492740385232  1.8849555495176789 399.8912355421385300
0.0047047632860029 0.0034375238987677 359.9743863208826700 -0.0142239131835493 29.9822129373014190 -0.0015159525471690 0.6110540047297509  1.8849555470507493 399.8933632680507900
0.0048536414211311 0.0041466530847110 359.9735040794460000 -0.0151606146278086 29.9972801708501680 -0.0010282148738413 0.6110587508429675  1.8849555444644701 399.8956108740237000
0.0048835809955810 0.0034956266450066 359.9713706231335100 -0.0161888674369344 29.9994897639992890 -0.0004123745588245 0.6110634761932660  1.8849555416896642 399.8978044273075100
0.0037620192411700 0.0047061775509764 359.9718555944308500 -0.0171243721753369 29.9958238816874820 -0.0002822463406969 0.6110681913331346  1.8849555389538974 399.8996791288454300
0.0060383322296648 0.0049147490952572 359.9716625830529900 -0.0177547610762992 29.9970084411905700 -0.0000653499455097 0.6110729150867936  1.8849555361626804 399.9026841034717000
0.0051874125344163 0.0043743530282941 359.9726099885288000 -0.0183876576855821 29.9770763254968170 0.0002798315654534 0.6110776002376731  1.8849555334888566 399.9051414806535800
0.0029620982834523 0.0060260969401862 359.9728741777126400 -0.0188866066052348 29.9730795833804890 0.0004296893688144 0.6110823118814396  1.8849555307936641 399.9065485424964700
0.0026669759131414 0.0031472723718514 359.9709113875935000 -0.0196554510067651 29.9683514707961120 0.0005362399156105 0.6110870214327246  1.8849555279506434 399.9078787198255300
0.0015794272032041 0.0039140535846743 359.9689254472255000 -0.0204883706824944 29.9791661163146270 0.0006591485001035 0.6110917608616381  1.8849555248846488 399.9086456206432000
0.0030936451133175 0.0062260541441144 359.9663160963122000 -0.0209621204670624 29.9824511091973380 0.0007789473793671 0.6110964863511608  1.8849555215425928 399.9101835482413800
0.0026135096728929 0.0069501015735833 359.9643156870890800 -0.0213507597386161 29.9868637930035220 0.0009468261101784 0.6111012144804485  1.8849555179823652 399.9114361022900000
0.0035123814404608 0.0066604425653112 359.9679936771548200 -0.0215166915540103 29.9736567632306470 0.0011595124637177 0.6111059064050075  1.8849555147971295 399.9131551596584600
0.0037419109929276 0.0066661114042946 359.9700660684428000 -0.0217386471686849 29.9778893578941460 0.0011903656732767 0.6111106338395080  1.8849555117971530 399.9150899073843000
0.0066217001957669 0.0061427752384252 359.9683984692054000 -0.0219835246811175 29.9851709943283820 0.0015019452863914 0.6111153696749457  1.8849555086325074 399.9183702416506200
0.0074954384504961 0.0071557698479688 359.9682308994988500 -0.0221826353115518 29.9924016535850060 0.0018506863984521 0.6111201065838305  1.8849555054370228 399.9221337164634600
0.0097568169768975 0.0067873344954870 359.9673198526206200 -0.0223245267628778 29.9824951922333230 0.0021155803844824 0.6111248061753745  1.8849555021778313 399.9270099323879300
0.0090237108389521 0.0066740562657874 359.9689063908915000 -0.0222598512565514 29.9879498480922810 0.0023524713733214 0.6111295401221167  1.8849554990254576 399.9316118026210900
0.0069083424893289 0.0056880264520877 359.9683502636631300 -0.0222997934161954 29.9857995490362190 0.0025804128823890 0.6111342567166110  1.8849554958459143 399.9350917518382300
0.0067629098074553 0.0046417515277173 359.9693939986257200 -0.0223705020163412 29.9847536950191260 0.0028343860242919 0.6111389746890205  1.8849554927681464 399.9385045987159500
0.0083560092686059 0.0045227184081565 359.9676845438062300 -0.0228929435178993 29.9787018995185650 0.0029885088510480 0.6111436812884962  1.8849554895614364 399.9427628011629800
0.0111042653721404 0.0008858060438406 359.9683001693237000 -0.0235392693022001 29.9753577338626190 0.0031650620397450 0.6111483943123733  1.8849554864478761 399.9484452078251000
0.0133236680134229 0.0006050788504868 359.9685504719245700 -0.0243579523955734 29.9776940611621190 0.0034028870624103 0.6111531212178433  1.8849554833433502 399.9552344199074700
0.0152311102506917 0.0004964711439812 359.9711288506782100 -0.0250185878007189 29.9692112442673740 0.0036674367859236 0.6111578227379544  1.8849554805041056 399.9630291074897200
0.0131931147211262 0.0030479018145287 359.9748373973506000 -0.0255369149783037 29.9739008417929720 0.0038735560704157 0.6111625568558944  1.8849554779778119 399.9698104630716700
0.0147603240180849 0.0014107189316158 359.9742403357541900 -0.0257863587850844 29.9761996084697490 0.0041953313977329 0.6111672850964022  1.8849554753842268 399.9773502236121800
0.0153285285897087 0.0035940484010491 359.9750311294636200 -0.0261022578006518 29.9801661319851010 0.0044127481926725 0.6111720183485510  1.8849554728577653 399.9852278009073500
0.0136315564667490 0.0057460037546822 359.9713941845093900 -0.0260265213029465 29.9798081319179560 0.0047431130583651 0.6111767401211503  1.8849554699476425 399.9922054076064300
0.0171708348301717 0.0084814984911680 359.9705077706976800 -0.0255621369247121 29.9851290677027830 0.0049321157350815 0.6111814779520165  1.8849554669036730 400.0010595208464100
0.0173222480979235 0.0069528466084988 359.9688028282949400 -0.0253022968185074 29.9891914019459950 0.0054150732676732 0.6111862137093137  1.8849554637258141 400.0098024456820000
0.0167590362214167 0.0049216524533120 359.9686720661485400 -0.0251761105658729 29.9883063667351310 0.0057450712256026 0.6111909362142608  1.8849554605534045 400.0183907672213200
0.0185052139682566 0.0052956493935696 359.9711536372329300 -0.0250267259628301 29.9772522376747010 0.0060279970342379 0.6111956300042249  1.8849554576383589 400.0278397502000900
0.0185234210164710 0.0041162735613968 359.9719303231424900 -0.0249184368609312 29.9823366580927550 0.0062122926939299 0.6112003686264932  1.8849554547901801 400.0373899248845100
0.0210124022836454 0.0024841062717258 359.9718305614196100 -0.0252151065497077 29.9802626268519500 0.0066790705718938 0.6112050883174047  1.8849554519668847 400.0481204071423300
0.0204852781754773 0.0009710418744708 359.9747004330012000 -0.0257733765214650 29.9824965883819630 0.0070919977954719 0.6112098205053900  1.8849554494571139 400.0586104002828200
0.0203103320260083 -0.0016590938400663 350.9813523346578600 -4.7149888581615151 29.6067532061825820 0.0073281233905639 0.6112145128608083  1.8849549994464503 400.0690443786490400
0.0205401116919505 -0.0068444251974347 341.9815460291395700 -9.2902104739688127 28.4960726467857910 0.0073473988934659 0.6112190731994929  1.8849536691897146 400.0797354926006100
0.0212572609337589 -0.0111510227564373 332.9805824588204400 -13.6405582050519190 26.6923877299794010 0.0070111434466106 0.6112234330629500  1.8849514713813893 400.0910132286452400
0.0205216054080764 -0.0152128963166209 323.9803306613826000 -17.6578038905628110 24.2329574764741690 0.0062635807152743 0.6112274662702660  1.8849484628501476 400.1021690672965300
0.0195708486891599 -0.0183583348504169 314.9817439629369500 -21.2393808726353900 21.1737657211730020 0.0052629386484920 0.6112310581377340  1.8849447300799478 400.1129379289427600
0.0164654121320825 -0.0199816730777389 305.9789955741097700 -24.2960315851021670 17.5897737873843880 0.0041046224066902 0.6112341200433106  1.8849403688165896 400.1221043641305100
0.0125241391337316 -0.0248567275999300 296.9782712582821800 -26.7563130803700420 13.5722779373337320 0.0027939828308915 0.6112365855347551  1.8849354728482266 400.1293219856090100
0.0054161798747372 -0.0271055597138755 287.9766872237610200 -28.5583068449095130 9.2190942580146054 0.0010670881979107 0.6112383901451245  1.8849301696472665 400.1330669670492200
-0.0006692085121023 -0.0284982092582993 278.9763529007559600 -29.6577765401032140 4.6374752181175989 -0.0008516364357831 0.6112394900760776  1.8849245886004538 400.1337582677342100
-0.0067768050890215 -0.0296443605706128 269.9744497641014500 -30.0257758344827760 -0.0599943089099372 -0.0029593037591378 0.6112398581359422  1.8849188741375715 400.1313796752697300
-0.0042973920650721 -0.0267271099588954 269.9667889752833500 -30.0291105682634620 -0.0679607200997143 -0.0025261750916036 0.6112398555995945  1.8849131242601429 400.1289947241461400
-0.0029833992784438 -0.0272119377556858 269.9672837515239500 -30.0288933179603500 -0.0716466057003196 -0.0023520910331723 0.6112398531242237  1.8849073892209671 400.1273927784235400
-0.0026343652272948 -0.0271960907629517 269.9678588473714700 -30.0238638643677580 -0.0752607034446513 -0.0023297379839942 0.6112398507855407  1.8849016789642130 400.1259881521751800
-0.0021972582873030 -0.0292213409611017 269.9664919830422000 -30.0215949806393850 -0.0791281722010661 -0.0020277431128005 0.6112398482949408  1.8848959543355310 400.1246718486227100
-0.0028944791111433 -0.0277036222367933 269.9647684149708200 -30.0244174992039560 -0.0828465939238320 -0.0019173130080817 0.6112398455401493  1.8848902049580161 400.1232071497687500
-0.0040208858675594 -0.0259204872468670 269.9643704803876900 -30.0386009461284580 -0.0859257423788222 -0.0018103895111268 0.6112398424543200  1.8848843955332197 400.1213813324321200
-0.0058192007419223 -0.0255232194929799 269.9654079006522800 -30.0378237293129470 -0.0894762769549102 -0.0017830454189842 0.6112398398368917  1.8848786639019146 400.1183586475305600
-0.0042197321001634 -0.0295949372066428 269.9671002718869200 -30.0338261272862040 -0.0930795976251813 -0.0015689821660552 0.6112398374675930  1.8848729528436459 400.1159992469312100
-0.0033943446617889 -0.0294836246264159 269.9670957678623000 -30.0340204040050840 -0.0969641482031626 -0.0012626124388112 0.6112398349827790  1.8848672166985758 400.1141728542290300
-0.0041736310262397 -0.0331968662781442 269.9655467231546600 -30.0351530283795680 -0.1008626107475307 -0.0010622332354526 0.6112398323580557  1.8848614764100740 400.1120587643430900
-0.0049545079293952 -0.0319978400782162 269.9644625193686800 -30.0302546064921500 -0.1048760408933959 -0.0008688532575601 0.6112398298432071  1.8848557725779889 400.1092878227808600
-0.0045095731048620 -0.0313016269171014 269.9644401749867500 -30.0363496418312400 -0.1084934789934205 -0.0007972052420412 0.6112398269468744  1.8848500049250372 400.1072148459826400
-0.0043372636020053 -0.0327371269051209 269.9632060565165800 -30.0364688561575580 -0.1121120735349370 -0.0005021358415611 0.6112398241331353  1.8848442714698874 400.1048989865212800
-0.0039866052239772 -0.0327194084312054 269.9654043621454800 -30.0395516691605060 -0.1159092131284395 -0.0002785805633418 0.6112398214097796  1.8848385200012596 400.1029493255930400
-0.0008246905527366 -0.0330594905664974 269.9670958834873900 -30.0408687356770270 -0.1193754826685108 -0.0002285073030063 0.6112398188513902  1.8848327770678883 400.1026883043786600
-0.0027378346118524 -0.0295436551275624 269.9649785004477300 -30.0436938661063310 -0.1226513480389563 -0.0000412618629279 0.6112398160243726  1.8848270233823108 400.1014960243222700
-0.0032439676647079 -0.0290102262694806 269.9634947309610900 -30.0425856236882680 -0.1254522789217958 -0.0000005938527619 0.6112398132203369  1.8848212972285572 400.0998491227769600
-0.0025151149701278 -0.0309470767465541 269.9650235181638900 -30.0432844210825070 -0.1280117886082156 0.0000955509250048 0.6112398104684871  1.8848155594262357 400.0986750448512900
-0.0036582135688022 -0.0329996427287497 269.9660940066431700 -30.0464769935709310 -0.1312110614134162 0.0000503436703783 0.6112398077311436  1.8848098055811322 400.0971211976337300
-0.0028896100102745 -0.0322339750925346 269.9642380075575300 -30.0467824801933750 -0.1343155079561960 0.0002245378530583 0.6112398049734285  1.8848040715303067 400.0956725106001400
-0.0047621683241303 -0.0307866754976616 269.9619183248729500 -30.0465308795336950 -0.1370859709852923 0.0002560045154317 0.6112398020072214  1.8847983400648531 400.0933398343737500
-0.0071804494820557 -0.0261420353758253 269.9598192835200600 -30.0452223791778970 -0.1392626288600166 0.0004017801168961 0.6112397988869943  1.8847926188419779 400.0896638362556800
-0.0071952260413834 -0.0252916587587244 269.9585868118502400 -30.0412663535622460 -0.1409079879471653 0.0004363848136743 0.6112397957803926  1.8847869174028209 400.0858304244619600
-0.0026144179412331 -0.0283987664576242 269.9598526022219300 -30.0398626746108590 -0.1424198381819780 0.0006398893589580 0.6112397926461308  1.8847811975096869 400.0844063567217900
0.0007700596118654 -0.0313613143196864 269.9593978734018300 -30.0394646725525900 -0.1444418645999223 0.0008656830036333 0.6112397894370495  1.8847754673837733 400.0849153456556500
0.0026033439226955 -0.0291746151883654 269.9581218823977300 -30.0431712991013030 -0.1464661653129920 0.0010252064660683 0.6112397858632519  1.8847697052975660 400.0867799335903800
0.0062301930706931 -0.0292483273867123 269.9550027303322400 -30.0404676855994560 -0.1483852871280359 0.0013959032902835 0.6112397823588780  1.8847639846623274 400.0899277305246100
0.0085264224612941 -0.0323027832834974 269.9557052470273100 -30.0419435757750540 -0.1504212208973361 0.0018056083003190 0.6112397786818149  1.8847582321811454 400.0946460671920000
0.0072527660671100 -0.0332602646636624 269.9556336170790000 -30.0414697012560480 -0.1526640952707365 0.0019874240984445 0.6112397751021703  1.8847524924201162 400.0986192681063500
0.0091884439003076 -0.0324662644100794 269.9541023967474900 -30.0431366261604570 -0.1550273918827091 0.0023431352947953 0.6112397712969799  1.8847467389055639 400.1036847864393700
0.0073358724526599 -0.0319999577837592 269.9518387733590400 -30.0445356216360900 -0.1570784355992534 0.0025990837237614 0.6112397672758290  1.8847409840312979 400.1078887903918800
0.0045050743331618 -0.0331345589785960 269.9489353600299600 -30.0408439545571500 -0.1590327722154512 0.0027147868066990 0.6112397633288785  1.8847352684882799 400.1102566377724700
0.0035704501465564 -0.0314306129526791 269.9497156250223500 -30.0406711658603030 -0.1610556859745112 0.0026816145136680 0.6112397592645467  1.8847295321030300 400.1124982406456600
0.0029765882397151 -0.0288379022508351 269.9500629269079500 -30.0437970717466780 -0.1624338072597600 0.0029717817120023 0.6112397550056690  1.8847237745591674 400.1144898538272500
0.0028992966165677 -0.0273296704158733 269.9521322950731700 -30.0436305617281860 -0.1632747063728091 0.0031883879689076 0.6112397510733707  1.8847180400399695 400.1162220583717600
0.0035948653302945 -0.0278495503907129 269.9502389818475200 -30.0386569641488490 -0.1641365983397573 0.0032662171021142 0.6112397472656764  1.8847123383867581 400.1179853395808500
0.0060311820655793 -0.0249750710254326 269.9498250401699100 -30.0361059109924970 -0.1646112410442578 0.0033668026921613 0.6112397432055892  1.8847066178806577 400.1212469903468300
0.0065116386246378 -0.0254055409101928 269.9498612656361700 -30.0376759128989690 -0.1648150289422892 0.0035242576129590 0.6112397388941095  1.8847008677514032 400.1250852109158700
0.0067356295307955 -0.0230080936854676 269.9484016345254500 -30.0380784778711640 -0.1650899021805135 0.0035261030742074 0.6112397345372215  1.8846951259348295 400.1290464717689600
0.0072174647415706 -0.0216193525891116 269.9459509124450300 -30.0346812283976800 -0.1649998455148166 0.0036134912197653 0.6112397301806094  1.8846894104322574 400.1328612398488600
0.0071847191861184 -0.0212796143166198 269.9444419761846300 -30.0338917107524170 -0.1647610503710403 0.0038379733636048 0.6112397255364034  1.8846836765059418 400.1368863159215200
0.0070148519103861 -0.0201134282460926 269.9424354534890000 -30.0338706108235310 -0.1642426359444366 0.0039076500666177 0.6112397206507770  1.8846779369980438 400.1409976882702000
0.0044176848747270 -0.0204174272109627 269.9412323526582300 -30.0317247624739880 -0.1637278176929185 0.0041162704854103 0.6112397157936929  1.8846722128480713 400.1434624077540400
0.0047992151722950 -0.0227172214870615 269.9411109599092200 -30.0378338407166120 -0.1632473538081027 0.0041107392475076 0.6112397104648842  1.8846664329644125 400.1469058215433800
0.0067944860031276 -0.0212936055865629 269.9422128045277400 -30.0377056884762550 -0.1630569878489281 0.0043261161663976 0.6112397056043347  1.8846606946012447 400.1507740925287600
0.0067559197390783 -0.0187283982423580 269.9421905964998700 -30.0397334972221760 -0.1623408585330222 0.0044969638249823 0.6112397005763500  1.8846549419570124 400.1548401251040400
0.0059517350077988 -0.0170148545424807 269.9436457159221200 -30.0393415763188930 -0.1611749879061397 0.0046380007735214 0.6112396957714337  1.8846492050666039 400.1583270029713000
0.0108841996566388 -0.0153306605953247 269.9446807860243200 -30.0412936020220870 -0.1597744686545887 0.0047982211434568 0.6112396908853841  1.8846434503744611 400.1645778597699600
0.0138435410395299 -0.0138727801241096 269.9451341313360300 -30.0356667300592120 -0.1578631710849355 0.0050399339379512 0.6112396864399604  1.8846377468792899 400.1716220451755800
0.0139253728020409 -0.0140252517463596 269.9459394943944500 -30.0422472151399200 -0.1559342213198232 0.0054275943909464 0.6112396812942128  1.8846319545495360 400.1798183658747200
0.0124627343031275 -0.0148454257277005 269.9467465546601900 -30.0379346903523330 -0.1541240995874849 0.0057399731989989 0.6112396769146026  1.8846262401759708 400.1862353467752800
0.0103178593058058 -0.0125314983053322 269.9453453397397900 -30.0393491608114860 -0.1523079726456995 0.0059550044661295 0.6112396720774059  1.8846204881457786 400.1921126611599700
0.0087720612985057 -0.0111993516213364 269.9435944055410300 -30.0380306909359330 -0.1503145463648751 0.0061583304814908 0.6112396672844314  1.8846147574998608 400.1969246249900600
0.0070517782014705 -0.0104689086297471 269.9420293870599000 -30.0404019192700350 -0.1482861619857798 0.0063144080413606 0.6112396621277116  1.8846090010723449 400.2011430928441200
0.0081070404395059 -0.0100644960453018 269.9429230543026400 -30.0403955689551620 -0.1458686419419283 0.0065635807748062 0.6112396571762154  1.8846032622281661 400.2057174825303600
0.0094703151334762 -0.0109868822728338 269.9395769535505000 -30.0410608937830400 -0.1437503011901474 0.0067176669688782 0.6112396519381668  1.8845975179098786 400.2110255220867400
0.0093715821797914 -0.0102766495156288 269.9414863148079500 -30.0392369993247000 -0.1416571953692341 0.0069829891443532 0.6112396470052053  1.8845917914998886 400.2159751252200400
0.0103752376924315 -0.0115417276132255 269.9415764214276100 -30.0375440404325720 -0.1394692607303847 0.0070218533695916 0.6112396420455648  1.8845860613708438 400.2216426599911200
0.0119632643408499 -0.0132872300876963 269.9394612414572000 -30.0323977156282890 -0.1375771694196891 0.0073006234622495 0.6112396371306867  1.8845803555916463 400.2277196958713100
0.0109642380501742 -0.0130340385295725 269.9387072753274300 -30.0299489060561870 -0.1359009148595867 0.0073420201547003 0.6112396320083946  1.8845746302128765 400.2336379420019100
0.0072231405616061 -0.0145988626350388 260.9463024076123400 -29.6560736500943380 -4.8231056140552653 0.0064168604802176 0.6112392576210390  1.8845689177063198 400.2382689073048700
0.0043616409557983 -0.0149256865775102 251.9470948751698000 -28.5513231649707000 -9.3979016554380266 0.0054046618591972 0.6112381552320551  1.8845633553849828 400.2413780070458500
0.0024289877313385 -0.0150399663706423 242.9480486767893400 -26.7476705158464120 -13.7456144581782520 0.0042060544451213 0.6112363413656003  1.8845580492986416 400.2436309841739300
0.0023243931658978 -0.0154089778488887 233.9453619844988200 -24.2826860981766830 -17.7554157460149180 0.0030763951325653 0.6112338805047441  1.8845531759654415 400.2458215789010900
-0.0009564577783825 -0.0146411325511383 224.9462584849281100 -21.2212205408044600 -21.3311218546149630 0.0019399146164103 0.6112308195111905  1.8845488264734931 400.2463057443334800
-0.0056111019846774 -0.0117652098597358 215.9488234231242800 -17.6402087793361560 -24.3867407712080780 0.0007785819538133 0.6112272229837222  1.8845451006193514 400.2441251672186700
-0.0092160394649780 -0.0102466076932271 206.9487966636854400 -13.6253237756666130 -26.8445215014675970 -0.0001396464952842 0.6112231939019559  1.8845421061301950 400.2399876168534500
-0.0094790109985983 -0.0061612196052220 197.9491069556904100 -9.2750932943207189 -28.6420506255594200 -0.0007638672616269 0.6112188428957086  1.8845399199577171 400.2358800052492100
-0.0094168768161593 -0.0030617789834663 188.9493654329536700 -4.6974603219795830 -29.7368710045003330 -0.0011785882116082 0.6112142662120987  1.8845385884483434 400.2317102728412700
-0.0086469396500648 -0.0026698938824881 179.9508657506249000 -0.0049622970275660 -30.1066728037922040 -0.0012923686090537 0.6112095429588136  1.8845381438579747 400.2270001390844500
-0.0071197629198251 -0.0026206612956748 179.9421572713607700 -0.0012628100955691 -30.1060506797002570 -0.0012532043466495 0.6112048348228876  1.8845381493154845 400.2239384683941800
-0.0066335302634637 -0.0008187703850164 179.9418063805535700 -0.0017277528715238 -30.1064549006624770 -0.0011263707338546 0.6112001198819981  1.8845381549235380 400.2208972276584400
-0.0051987971497089 0.0006045563158361 179.9385822694274900 -0.0026507584913779 -30.1056712871922550 -0.0009425586644721 0.6111954123938945  1.8845381608052716 400.2187395975659000
-0.0056635201646738 0.0031617786546273 179.9388307965092800 -0.0038465225609441 -30.1057680747005170 -0.0008744409021669 0.6111906971653701  1.8845381667895231 400.2160990066775000
-0.0071585488907389 0.0017152311015356 179.9388052294467300 -0.0054270976305561 -30.1092727837846110 -0.0008130045112286 0.6111859589223905  1.8845381730814392 400.2121295328709600
-0.0075274775575686 0.0004830580600696 179.9375870512103600 -0.0067247846188053 -30.1066740074477930 -0.0007286449349409 0.6111812672710077  1.8845381788936912 400.2092427854535100
-0.0039035938635803 0.0023844570872088 179.9417802204318100 -0.0082175961759035 -30.1092642675891500 -0.0006283036269195 0.6111765361762344  1.8845381847938134 400.2071540124657600
-0.0035714577896600 -0.0002161400307728 179.9408118940577900 -0.0094488681264451 -30.1087939437987230 -0.0005255871078055 0.6111718267117677  1.8845381904946554 400.2057873575521400
-0.0038793221869801 0.0011558287230844 179.9406082128724300 -0.0105314788423938 -30.1104539898499010 -0.0004395488792116 0.6111670985224862  1.8845381964485290 400.2037299546635700
-0.0033612092227925 0.0001569093674340 179.9405071305234900 -0.0115611092375564 -30.1097224175452740 -0.0002629007683054 0.6111623885259757  1.8845382021625090 400.2024237149880700
0.0000448310418281 0.0014481405923118 179.9423252255626000 -0.0128950164605709 -30.1063394009073550 -0.0002392350524016 0.6111577012243938  1.8845382074545087 400.2034995723015000
0.0023572345320206 0.0005073502813311 179.9416813578601800 -0.0143817932547721 -30.1070974462507980 0.0000300952896988 0.6111529752086872  1.8845382132977537 400.2046473356609800
0.0031131986333661 -0.0002782872521403 179.9424112887468500 -0.0156059358480973 -30.1052067223360070 0.0001488166246969 0.6111482707145997  1.8845382187800321 400.2068321248020800
0.0033728767880925 0.0004945306820550 179.9443641916967600 -0.0171680651132345 -30.1066007463185840 0.0004509990237118 0.6111435352583018  1.8845382244911197 400.2082542966862200
0.0034611395078513 0.0033006717005727 179.9416066794310900 -0.0187447412601275 -30.1088690067591960 0.0005809917348342 0.6111387903170090  1.8845382306026137 400.2094523904922900
0.0052810241501674 0.0051449335838265 179.9444418373219900 -0.0205026782325401 -30.1120588213157100 0.0006910363928363 0.6111340370933480  1.8845382365410193 400.2114644601795700
0.0066734335880109 0.0064409802492889 179.9438049830409300 -0.0225865220746888 -30.1113844154625990 0.0008176085697909 0.6111293163998272  1.8845382421630461 400.2150776953801000
0.0083955125860838 0.0067151400812534 179.9428881860058300 -0.0250172010663804 -30.1105715509603020 0.0011038478357505 0.6111245926349838  1.8845382479484258 400.2193869234084200
0.0100883921825160 0.0072551356437233 179.9437473080412200 -0.0274265945302753 -30.1084724250919220 0.0014682298889813 0.6111198811584521  1.8845382534925108 400.2248690199114700
0.0116754756411150 0.0071817540395035 179.9421422289468600 -0.0294235929898260 -30.1078829079987110 0.0018753490992236 0.6111151508991514  1.8845382593951774 400.2305908551875300
0.0131971758214343 0.0064924287641480 179.9438252266407400 -0.0316878027020524 -30.1058321745269560 0.0021698086868246 0.6111104315731660  1.8845382650186631 400.2374477651817400
0.0133084249611601 0.0062779724855454 179.9416800712815200 -0.0339251075090306 -30.1063130582455150 0.0025240868299692 0.6111056867762207  1.8845382711887788 400.2436287283842400
0.0128753808010142 0.0056918009961826 179.9421020314474000 -0.0360386154590234 -30.1050087097944650 0.0028612748283994 0.6111009618942865  1.8845382770479335 400.2501584535203300
0.0121477266573484 0.0054405119341721 179.9416407990930200 -0.0381317235893041 -30.1006665087745200 0.0032363152778225 0.6110962665798247  1.8845382825670727 400.2570813565771500
0.0119311607744368 0.0037708653054302 179.9415674900246000 -0.0400936869135745 -30.1026775744763100 0.0034479076582134 0.6110915100787051  1.8845382888701021 400.2621768946189000
0.0105138894713115 0.0044264190618580 179.9412025209536000 -0.0418523342565374 -30.0995707577363910 0.0037051493654810 0.6110868072136481  1.8845382945091116 400.2680944113333200
0.0081874725535487 0.0008605232721665 179.9401147979428400 -0.0433318394365274 -30.0968347252762460 0.0039726693294039 0.6110821040250466  1.8845383002270921 400.2727159149124000
0.0086603647853379 0.0001820491334611 179.9421014186470700 -0.0445260476711041 -30.0951297927296610 0.0042098773184468 0.6110773928988188  1.8845383058271232 400.2773324741460800
0.0110629181603015 -0.0003583927274905 179.9421880115247600 -0.0455072711288066 -30.0940003931410590 0.0042699295854353 0.6110726721865462  1.8845383115235907 400.2830496121379700
0.0110078440388396 -0.0021549245032225 179.9446486844443300 -0.0462707192109328 -30.0931608638200210 0.0044127390647672 0.6110679450152796  1.8845383170298020 400.2884722906564400
0.0094327411098772 -0.0023898890225146 179.9432110695688900 -0.0467990209983309 -30.0918289175550910 0.0047159182324710 0.6110632249170706  1.8845383225852461 400.2931631231635400
0.0117052058945801 -0.0064440626765568 179.9435684596954800 -0.0469032534485731 -30.0918334084917620 0.0048313447114943 0.6110584877645278  1.8845383282725805 400.2985760975799400
0.0119047957403020 -0.0044967533582200 179.9420382739559200 -0.0469762557133997 -30.0917967795682840 0.0051215615124143 0.6110537521968114  1.8845383341206559 400.3040691676369500
0.0145986790592775 -0.0039614920342791 179.9418915201771700 -0.0471529065192452 -30.0890444787330050 0.0053250832452684 0.6110490418269614  1.8845383396510749 400.3118447340781900
0.0175346513762177 -0.0037661543632557 179.9378496391905200 -0.0473904377779740 -30.0854059559668910 0.0055613348022628 0.6110443360270486  1.8845383455345170 400.3212294380187500
0.0170162454602646 -0.0048843732126263 179.9375221562996800 -0.0474630709930056 -30.0828211118901020 0.0058649311636399 0.6110396177146072  1.8845383516070842 400.3298765563333700
0.0175138849251687 -0.0021691389437417 179.9371756000980700 -0.0478193529843369 -30.0803920502822420 0.0061413732356641 0.6110348982022391  1.8845383577686050 400.3387596505431200
0.0181361124729258 -0.0039462654484677 179.9391998777487900 -0.0483069786376052 -30.0788359362057670 0.0064720941025634 0.6110301689735487  1.8845383638536670 400.3476098435655800
0.0187100301605449 -0.0032749946535881 179.9394393333687400 -0.0484970711955613 -30.0783239029922460 0.0066495871552313 0.6110254263226924  1.8845383700874510 400.3564294936443800
0.0207106713044477 -0.0053822329414285 179.9396864014463500 -0.0486868493402887 -30.0763330981804630 0.0069223082092502 0.6110206976394286  1.8845383760981358 400.3666934505836300
0.0200176989042363 -0.0094256654545820 179.9418234722774600 -0.0485084583907017 -30.0738489796368390 0.0072446295556090 0.6110159731762148  1.8845383818037094 400.3766872737809300
0.0166863559249714 -0.0053144408924187 179.9402531843370000 -0.0481855213195325 -30.0707796702202580 0.0075244634672293 0.6110112579882119  1.8845383875562338 400.3852364299211200
0.0180502288385698 -0.0040974880846300 179.9402133969691700 -0.0482941248645802 -30.0672329465932610 0.0077837687235532 0.6110065492980683  1.8845383932721993 400.3947240083272700
0.0177818147418527 -0.0045561176355785 179.9393297128383700 -0.0484740210222620 -30.0614542121072820 0.0081238572506351 0.6110018646735391  1.8845383987732549 400.4047573468616300
0.0188441085593918 -0.0043915391695259 179.9365830735959000 -0.0487680109187148 -30.0614578258690880 0.0082830504118081 0.6109971188745790  1.8845384053787644 400.4133491243665600
0.0206881387338008 -0.0032848542428364 179.9333008794086500 -0.0492318632654320 -30.0580030640109610 0.0086284459529150 0.6109924083638514  1.8845384118571189 400.4239804345959300
0.0199325662937202 -0.0046401897571244 179.9344059207162700 -0.0492714676288890 -30.0560999323458800 0.0087920025536507 0.6109876789934471  1.8845384184391321 400.4336658228750100
0.0205070876315754 -0.0067668467277484 179.9328736704781900 -0.0491852691197250 -30.0522023712460400 0.0090321691012706 0.6109829682410377  1.8845384249172745 400.4442401756794500
0.0215126735739266 -0.0046039562198252 179.9287776666713200 -0.0491328722711487 -30.0482648844235810 0.0092449647442934 0.6109782596645705  1.8845384317994449 400.4553925039143100
0.0219133219475443 -0.0064329457156836 179.9293860624207200 -0.0488937685675092 -30.0469399707613930 0.0095552681211026 0.6109735223330852  1.8845384389925708 400.4656878701033500
0.0257815370454154 -0.0058252492265908 179.9286931558905300 -0.0488692464900720 -30.0433801355241710 0.0096140116781467 0.6109688075142346  1.8845384459636050 400.4788872118001600
0.0282461183925401 -0.0066110324220225 179.9301268924173200 -0.0489910352289403 -30.0402350729259060 0.0100455530413295 0.6109640828177525  1.8845384529398961 400.4928747142377000
0.0273294211071831 -0.0068577756304692 179.9297199311919000 -0.0487144150690381 -30.0373557214938670 0.0102336675269982 0.6109593528321233  1.8845384600073709 400.5062908284441500
0.0261876424869789 -0.0082671003908840 179.9294777200710200 -0.0482484392828266 -30.0356714324534760 0.0104651722761440 0.6109546111975285  1.8845384672460288 400.5186783299121800
0.0243603262350915 -0.0043664902213113 179.9283984087759100 -0.0481018675649994 -30.0312501617597190 0.0108445358969637 0.6109499029377962  1.8845384741712365 400.5311605294953100
0.0251656888007980 -0.0036367167748795 179.9306736032250700 -0.0480866031153179 -30.0273736785772450 0.0110154716586735 0.6109451903633711  1.8845384809591990 400.5439880791561200
0.0252080944522047 -0.0019692625793093 179.9305965960287500 -0.0486377877236703 -30.0237960870162550 0.0112746320159970 0.6109404741601378  1.8845384878704396 400.5566360956682400
0.0239120646094257 -0.0026244425783723 179.9277049643828300 -0.0490050304130403 -30.0213413635587970 0.0114722948692741 0.6109357460528679  1.8845384952102919 400.5681641260802100
0.0255695708261961 -0.0056568324546860 179.9276491160442800 -0.0489089145084195 -30.0168345346383600 0.0115521973514794 0.6109310380788177  1.8845385022323793 400.5813750978834900
0.0259825589293462 -0.0043558444061227 179.9311461567256200 -0.0488353555577356 -30.0121548285541060 0.0118735619897585 0.6109263324547801  1.8845385088958908 400.5947385848748500
0.0249475247979949 -0.0054658458241066 170.9368532974468500 4.6395301802949032 -29.6328339525741920 0.0115928166511024 0.6109216520944208  1.8845389607610623 400.6081313302580000
0.0252723074978975 -0.0081924676521314 161.9373538941367500 9.2155733921168697 -28.5259570400536330 0.0112626020752028 0.6109170690594605  1.8845403043954283 400.6208953015961900
0.0240610945282760 -0.0101674255995845 152.9397041217060300 13.5615775586019750 -26.7156185992894280 0.0108726051040958 0.6109127302320081  1.8845424931415447 400.6339562474523700
0.0227440882874330 -0.0140729871167315 143.9395668988007600 17.5746183843416050 -24.2517001261776350 0.0102437188880487 0.6109086900072855  1.8845455128126933 400.6437776386312600
0.0206715245640495 -0.0160586754767582 134.9406788445131200 21.1507047200768240 -21.1876782805519210 0.0092346285140429 0.6109051133997461  1.8845492319542598 400.6548436877078000
0.0183405123060165 -0.0192104515456716 125.9381984759578800 24.2057875920721340 -17.6038831844316060 0.0080155136324067 0.6109020461530063  1.8845536086987507 400.6633373933089500
0.0138234554397090 -0.0209000745946773 116.9369085669200500 26.6611586273606600 -13.5848047465926670 0.0065850129151662 0.6108995912534255  1.8845584873413379 400.6710601250245500
0.0120928045913731 -0.0194785033477795 107.9385154146360300 28.4610261451971350 -9.2326530361268286 0.0052037116932264 0.6108977852679970  1.8845638083728475 400.6759856727453000
0.0088737410817825 -0.0177318911530490 98.9399010748845030 29.5563093443474440 -4.6527605431906336 0.0037142660134053 0.6108966889748442  1.8845693855486698 400.6803934420684600
0.0040297130645625 -0.0199450183966511 89.9383341578194400 29.9209045926965730 0.0416428374740215 0.0020434944197909 0.6108963240515565  1.8845750837379023 400.6832846449473800
0.0071866415078341 -0.0194201502633330 89.9331185276581520 29.9234326988253940 0.0467015955944723 0.0022375174550684 0.6108963297192620  1.8845808347544393 400.6855005922283800
0.0070920308644905 -0.0222526702349468 89.9312568594003210 29.9242697086535720 0.0479594165394883 0.0024926399814949 0.6108963353644670  1.8845865671769857 400.6885062717209400
0.0058043567860573 -0.0210840473907335 89.9321793429212870 29.9268794410337410 0.0495046960387862 0.0025321502413930 0.6108963411386561  1.8845923241764011 400.6897483474568800
0.0099245963907544 -0.0219016668909902 89.9294660074401550 29.9276716223002450 0.0511190063923345 0.0028944362610526 0.6108963469116253  1.8845980575853398 400.6941100053364300
0.0126091336842450 -0.0196170340302978 89.9292316451110450 29.9289668881224710 0.0525896382088700 0.0029345517788909 0.6108963528455575  1.8846038051538434 400.6993229783565200
0.0150324612594615 -0.0204572817677782 89.9299025707648100 29.9269906251478730 0.0536383874440975 0.0030920752301555 0.6108963584054346  1.8846095135994629 400.7076464202656900
0.0186573231588677 -0.0187070684898872 89.9301343306915580 29.9280459612543090 0.0547361611037756 0.0033704954706257 0.6108963643949171  1.8846152722773883 400.7153430926909400
0.0195129003510193 -0.0195254400614354 89.9300699428813600 29.9272046088890700 0.0557891343292320 0.0036403155084591 0.6108963702356669  1.8846210138702844 400.7242767131423300
0.0226125875539671 -0.0190658980694836 89.9279052637814970 29.9258474327946580 0.0571955692662538 0.0040256621410640 0.6108963761857323  1.8846267505484937 400.7350222026341800
0.0211006812189224 -0.0192163442916110 89.9252884439537610 29.9253518450483470 0.0584092721522829 0.0042907652590659 0.6108963825249113  1.8846325054263426 400.7440672763898400
0.0204271713205697 -0.0177880634898528 89.9251600738552810 29.9245080158486230 0.0592617866202875 0.0045938453807694 0.6108963888104945  1.8846382493240792 400.7532678626162100
0.0228554453026869 -0.0190940723625365 89.9245784799987580 29.9253674261069980 0.0603666859145726 0.0049298950658754 0.6108963953857163  1.8846440234764761 400.7621931895375300
0.0208559887959416 -0.0176672469944658 89.9241471690991720 29.9243138426828670 0.0612673139670374 0.0052637083999968 0.6108964017821729  1.8846497708861374 400.7713906902163200
0.0217864389905837 -0.0170021885076463 89.9243603075705240 29.9219482657850760 0.0621322723243500 0.0057251743414888 0.6108964079683895  1.8846554968452525 400.7820643847534300
0.0205565467678063 -0.0131029152882261 89.9251193971198860 29.9216598036917670 0.0625878368082837 0.0059093899810994 0.6108964144111135  1.8846612532865199 400.7906517633200600
0.0205356088946516 -0.0152734820412921 89.9255980525246060 29.9213413549732690 0.0627938955254427 0.0062261426697730 0.6108964207794878  1.8846670052398733 400.7993802249177400
0.0183676995961344 -0.0171387483675797 89.9257468899096040 29.9203246281280610 0.0632595896562454 0.0063064331438194 0.6108964269503628  1.8846727387936959 400.8080501672782200
0.0222553655293270 -0.0156354811750010 89.9274680245520270 29.9200539180294810 0.0639798630194542 0.0065851852445023 0.6108964331738408  1.8846784942441979 400.8174519416471600
0.0228928059646226 -0.0181873751492773 89.9269439487504200 29.9174681746352180 0.0645266945138211 0.0070846179519823 0.6108964391560270  1.8846842176887704 400.8288757544766600
0.0263243303483221 -0.0181386323107348 89.9263965301435060 29.9159597639939780 0.0654854420854170 0.0073003470123660 0.6108964453313113  1.8846899613311301 400.8410417717868800
0.0258104788514190 -0.0193592404218405 89.9230584944479150 29.9132054418712270 0.0666846048381783 0.0074788754745512 0.6108964515974695  1.8846956857534238 400.8539684388202300
0.0258611737184672 -0.0197959830046625 89.9237569623294920 29.9105441398714260 0.0678980030055841 0.0078989394979533 0.6108964578230381  1.8847014118491436 400.8666569424427200
0.0256948573003650 -0.0187278285667261 89.9239656020733090 29.9087615172957120 0.0690245041196457 0.0080787182572882 0.6108964642198190  1.8847071571597021 400.8782006923948400
0.0253911583272513 -0.0165710097298161 89.9225943914112380 29.9050659018931350 0.0697491232372630 0.0085272510872564 0.6108964704356019  1.8847128644362383 400.8917249832706500
0.0239160434900311 -0.0158109634995215 89.9207501186844100 29.9036333136879690 0.0705646460763965 0.0087406950082008 0.6108964770872550  1.8847186059107985 400.9025158510210600
0.0251006930560154 -0.0139493159084418 89.9208412317254750 29.9023779515743580 0.0710199746926669 0.0089606842549594 0.6108964838029768  1.8847243516236964 400.9136322052980900
0.0241916635530096 -0.0137280422425007 89.9183774803616700 29.8996341089178910 0.0713992142874562 0.0092789448425849 0.6108964905268959  1.8847300740959516 400.9255643980779400
0.0210077836583716 -0.0131351830896299 89.9172477534031600 29.8989599652496980 0.0716542265820548 0.0094005592769660 0.6108964975931204  1.8847358229179256 400.9343306127381700
0.0202548147261615 -0.0151766287528060 89.9154910182042070 29.8980259719995340 0.0720019867338486 0.0095876014513019 0.6108965047196482  1.8847415639035225 400.9431082655402700
0.0203513334099521 -0.0130600288732195 89.9136528561740110 29.8958921358961300 0.0725035982070991 0.0098827051656206 0.6108965117784813  1.8847472795886806 400.9534560629768400
0.0209937199399720 -0.0111101257986679 89.9149226591186450 29.8950662587459670 0.0725709765462276 0.0102709341629756 0.6108965189948004  1.8847530224402707 400.9623754603915100
0.0201351630331035 -0.0118698097184258 89.9162893429662800 29.8943265796392770 0.0725256542309186 0.0105349139755442 0.6108965261042699  1.8847587651654942 400.9708837472458600
0.0201824274350703 -0.0140142883690831 89.9172159380869690 29.8954075741061090 0.0727922766126420 0.0108657039050731 0.6108965334032260  1.8847645415292473 400.9772816828302100
0.0200796269852045 -0.0146481649595366 89.9188518409900300 29.8941166254773700 0.0732312474077842 0.0109321400064238 0.6108965401397030  1.8847702701273921 400.9867579913550900
0.0200987470505640 -0.0147445280943904 89.9188137365607930 29.8945601255953550 0.0736854349548005 0.0110787888780339 0.6108965471602360  1.8847760308747703 400.9941054459951000
0.0171897209722821 -0.0135776062674867 89.9174234830613700 29.8944121973282400 0.0741021890535245 0.0111042657425521 0.6108965541690500  1.8847817766598471 401.0009675128250100
0.0178703997830272 -0.0162146789818248 89.9172984048419010 29.8928292198006710 0.0746404686062946 0.0112129101314929 0.6108965609156541  1.8847874937416962 401.0099793742097600
0.0193458562058834 -0.0161649086785240 89.9151332188105670 29.8916805682152930 0.0753541576593980 0.0112314868774015 0.6108965679515646  1.8847932235105080 401.0189373513571200
0.0212005245405945 -0.0118999449295701 89.9142652637044360 29.8910020077321830 0.0755414071518614 0.0113558345219459 0.6108965751971465  1.8847989624741313 401.0282158890016700
0.0191824057756843 -0.0133042905229798 89.9142398130053660 29.8916247568895060 0.0757843693263555 0.0114281432233050 0.6108965826297717  1.8848047240215571 401.0349072781153800
0.0213529892363995 -0.0136222001718970 89.9138995619152720 29.8911183475589230 0.0761110989814794 0.0114749054851310 0.6108965899389055  1.8848104690638172 401.0438383890128800
0.0225394620844814 -0.0161600147896889 89.9123443810238570 29.8915448138898870 0.0770010745831847 0.0115789363386649 0.6108965975112092  1.8848162342773305 401.0519680272656200
0.0244354305637447 -0.0144036194249486 89.9120379580493530 29.8910566071702950 0.0774542867635103 0.0116481019238219 0.6108966050037393  1.8848219843075296 401.0620886470210300
0.0250062942234272 -0.0174432764906352 89.9089795942383180 29.8890781792693050 0.0786495392353251 0.0119149897939401 0.6108966125074089  1.8848277141145540 401.0737888688977400
0.0280304758163473 -0.0181775506698122 89.9097251059887270 29.8856931930524500 0.0798145272301061 0.0122487962885926 0.6108966197933332  1.8848334247057517 401.0883497937524000
0.0322102251710300 -0.0186978373896715 89.9104667635521370 29.8819803244706390 0.0809383905829361 0.0123130564323699 0.6108966270586843  1.8848391386709900 401.1049098637655600
0.0351823609753099 -0.0157907968678522 89.9091953418722770 29.8781604335294520 0.0819753782225093 0.0125385989254337 0.6108966344953797  1.8848448577385088 401.1225665712715300
0.0348247181378522 -0.0150636843050847 89.9120324504032600 29.8745584654791900 0.0825708363189828 0.0128144280292805 0.6108966418331679  1.8848505887357527 401.1390794048284100
0.0356151548555083 -0.0182423443690854 89.9124029030537170 29.8691426292877900 0.0837027015768397 0.0132206658055651 0.6108966488357881  1.8848562903221155 401.1578790030671900
0.0325724162192592 -0.0160831190858705 89.9114021080288950 29.8683440993009980 0.0846212247930930 0.0134329784627788 0.6108966565676730  1.8848620612411131 401.1703216538064700
0.0293940381652830 -0.0160033658796481 89.9111140279879070 29.8665884268367600 0.0854032655126257 0.0135854496158786 0.6108966640918687  1.8848678047203971 401.1830411670268300
0.0323854012989675 -0.0138139549101907 89.9097068976390400 29.8642602411728180 0.0858414197245749 0.0136876076619262 0.6108966717168057  1.8848735427503818 401.1976636371695700
0.0349357889109862 -0.0153174038182065 89.9111285915345350 29.8626979316670250 0.0863253442930873 0.0139092268099005 0.6108966794159749  1.8848793029343425 401.2119862838584400
0.0354940796497332 -0.0116098956917205 89.9109049929900690 29.8587943271918950 0.0866122952888235 0.0139759332372372 0.6108966868287359  1.8848850262439614 401.2292591770971600
0.0350636938130738 -0.0104133788933437 89.9106841717927670 29.8573841328762950 0.0867816942650146 0.0141781977556037 0.6108966945913277  1.8848907859480115 401.2436123687867800
0.0361985559154850 -0.0095912873014095 89.9078124183439800 29.8540241318259590 0.0868573780060786 0.0144616995201962 0.6108967023255838  1.8848965145925967 401.2607308778181600
0.0352880352343898 -0.0060022603822126 89.9062149372985570 29.8513564671632880 0.0861259769678314 0.0146691002782030 0.6108967103437447  1.8849022515426250 401.2767558227961900
0.0324793680640984 -0.0063341399375333 89.9048595934999350 29.8476433970416120 0.0854028474626599 0.0148793505531062 0.6108967182861378  1.8849079690607011 401.2926116194271300
0.0362371026610916 -0.0050188502798219 89.9044868691700860 29.8470280686554300 0.0844448674483402 0.0150980843601363 0.6108967266989565  1.8849137329770866 401.3071274331820200
0.0372109845042335 -0.0052333754693197 89.9045335945450150 29.8426368003711350 0.0834064998654396 0.0153901708758103 0.6108967346511062  1.8849194453927782 401.3256986199926400
0.0374761202237114 -90.6056041525044120 89.9068839102732940 29.8381316030911600 0.0919012696285995 0.0927328445870342 0.6108967417161191  1.8849251551138810 401.3100021982833700
0.0371985128592838 -0.6002884810507948 89.9039471073755440 29.8343809435985750 0.0954677999919890 0.1319209228155762 0.6108967495020270  1.8849308782570473 401.3113831333495800
0.0371613696019356 -90.5998677706540580 89.9040215600823270 29.8319573125701470 0.0958790253539995 0.1446160612451304 0.6108967576659304  1.8849366208824352 401.3234200592909200
0.0401013416379531 -0.6022200251561422 89.9048958739636960 29.8291724554716990 0.0950061171540695 0.1453586732461307 0.6108967658438175  1.8849423590094909 401.3422349204611200
0.0421739629014936 -0.6014472442639346 89.9061723708998240 27.6070482285898040 0.0897887872005826 0.1421212813174862 0.6108967738744534  1.8849479072700390 401.3602166070723500
0.0430535036138951 -0.6018978119999205 89.9096834302684440 25.3812834786954940 0.0843679759184119 0.1388402290577036 0.6108967808420851  1.8849530024022978 401.3790140796821200
0.0433268195001152 -0.6013516769057965 89.9090710501463800 23.1560017751733760 0.0793161426262294 0.1354800930612369 0.6108967874063812  1.8849576868327202 401.3951637800894300
0.0447515675038269 -0.6034140356114255 89.9084828548000270 20.9301351586693900 0.0743406575468814 0.1324098639276996 0.6108967933380354  1.8849619344492461 401.4108703365278100
0.0501579998914454 -0.6040132143908057 89.9067598961620430 18.7032113018379320 0.0696475870578517 0.1290537175882011 0.6108967987005995  1.8849657473351056 401.4274164485543100
0.0481515450079414 -0.6039874513773701 89.9052588315639980 16.4767575518813880 0.0647316411997560 0.1257587865424737 0.6108968036884083  1.8849691473543047 401.4404500275696800
0.0480135149228495 -0.6065783478296634 89.9055391131284980 14.2485858373233770 0.0602324517856298 0.1223791934325044 0.6108968078121522  1.8849720946887394 401.4535854353543400
0.0451361563068356 -0.6073662901189142 89.9065155276600620 12.0218559501141250 0.0562329656760659 0.1191468438972694 0.6108968114141993  1.8849746299781773 401.4631585033291700
0.0465493702267090 -0.6100313741979807 89.9075869715037900 9.7975787861661114 0.0524239596044095 0.1156751714407585 0.6108968147033078  1.8849767747220985 401.4688174065134400
