0.0000000026267540 0.0000410519042671 -0.0000599230635379 0.0000128483504286 -0.0000000007317832 -0.0008420970019442 0.6108652539000000  1.8849555922005026 399.9997894757182700
0.0000000331618102 0.0000821036325315 -0.0001198462547958 0.0000401255942997 0.0999166583861080 -0.0016841960297581 0.6108652578262902  1.8849555922029189 399.9991579029394900
0.0000000076929252 0.0001231550714153 -0.0001797696870983 0.0000819586953562 0.1999166507749075 -0.0025262972364383 0.6108652696180743  1.8849555922086381 399.9981052794036000
0.0000000293675041 0.0001642061087412 -0.0002396934765957 0.0001383475142925 0.2999166359031158 -0.0033683913536585 0.6108652892754167  1.8849555922190513 399.9966316070057800
0.0000000466192898 0.0002052566333627 -0.0002996177407703 0.0002092919978421 0.3999166152732399 -0.0042104844022632 0.6108653167983174  1.8849555922355505 399.9947368875964500
0.0000000537186297 0.0002463065328738 -0.0003595425955786 0.0002947916555344 0.4999165815851731 -0.0050525721132357 0.6108653521867754  1.8849555922595267 399.9924211231743200
0.0000001079612089 0.0002873556965111 -0.0004194681588049 0.0003948466595800 0.5999165362533432 -0.0058946554065550 0.6108653954407900  1.8849555922923709 399.9896843160621500
0.0000001004849260 0.0003284040115434 -0.0004793945462258 0.0005094563447850 0.6999164735645774 -0.0067367320294480 0.6108654465603598  1.8849555923354759 399.9865264689856300
0.0000001687995177 0.0003694513673289 -0.0005393218755408 0.0006386207086619 0.7999163918707821 -0.0075788021706726 0.6108655055454837  1.8849555923902317 399.9829475852529300
0.0000001811245173 0.0004104976512529 -0.0005992502627771 0.0007823393111645 0.8999162882799543 -0.0084208644063104 0.6108655723961599  1.8849555924580292 399.9789476684400100
0.0000002348625588 0.0004515427519598 -0.0006591798248128 0.0009406098175541 0.9998328237791823 -0.0092629177841441 0.6108656471123209  1.8849555925402601 399.9745267226193700
0.0000001404497989 0.0004925865663727 -0.0007191106742073 0.0011110507560089 0.9999160232436993 -0.0101049625201154 0.6108657257612510  1.8849555926382056 399.9696847525903000
0.0000000513046160 0.0005336289837765 -0.0007790429060468 0.0012956239393405 0.9999159057303503 -0.0109469976996643 0.6108658044102364  1.8849555927531185 399.9644217621618600
-0.0000000325878472 0.0005746698770959 -0.0008389766088180 0.0014943306370906 0.9999158015166774 -0.0117890241535117 0.6108658830592137  1.8849555928863502 399.9587377561125500
-0.0000001112274529 0.0006157091192596 -0.0008989118710048 0.0017071703083367 0.9999157075803384 -0.0126310414125253 0.6108659617081826  1.8849555930392516 399.9526327394488600
-0.0000001846140896 0.0006567465832020 -0.0009588487810875 0.0019341423684691 0.9999156208989953 -0.0134730473076201 0.6108660403571449  1.8849555932131725 399.9461067172919700
-0.0000002527476729 0.0006977821418625 -0.0010187874275428 0.0021752461891656 0.9999155384503249 -0.0143150419697609 0.6108661190061006  1.8849555934094651 399.9391596946052200
-0.0000003156281450 0.0007388156681864 -0.0010787278988432 0.0024304810982439 0.9999154572120339 -0.0151570263299687 0.6108661976550500  1.8849555936294795 399.9317916769168700
-0.0000003732554748 0.0007798470351254 -0.0011386702834570 0.0026998463797994 0.9999153741618724 -0.0159990001193263 0.6108662763039926  1.8849555938745668 399.9240026699736200
-0.0000004256296580 0.0008208761156378 -0.0011986146698480 0.0029833412742626 0.9999152862776444 -0.0168409612689789 0.6108663549529284  1.8849555941460785 399.9157926796256100
-0.0000004727507171 0.0008619027826887 -0.0012585611464751 0.0032809649783607 0.9999151905372209 -0.0176829095101420 0.6108664336018574  1.8849555944453638 399.9071617115715800
-0.0000005146187011 0.0009029269092509 -0.0013185098017920 0.0035927166449503 0.9999150839185536 -0.0185248459741023 0.6108665122507786  1.8849555947737737 399.8981097720634400
-0.0000005512336860 0.0009439483683049 -0.0013784607242472 0.0039185953831850 0.9999149633996888 -0.0193667703922229 0.6108665908996909  1.8849555951326586 399.8886368675843500
-0.0000005825957744 0.0009849670328394 -0.0014384140022833 0.0042586002585625 0.9999148259587787 -0.0202086808959506 0.6108666695485929  1.8849555955233697 399.8787430047377100
-0.0000006087050957 0.0010259827758517 -0.0014983697243371 0.0046127302928963 0.9999146685740922 -0.0210505767168162 0.6108667481974837  1.8849555959472570 399.8684281900031600
-0.0000006295618060 0.0010669954703480 -0.0015583279788392 0.0049809844641230 0.9999144882240316 -0.0218924593864373 0.6108668268463608  1.8849555964056701 399.8576924303184200
-0.0000006451660881 0.0011080049893440 -0.0016182888542137 0.0053633617065038 0.9999142818871447 -0.0227343285365293 0.6108669054952232  1.8849555968999587 399.8465357328954000
-0.0000006555181515 0.0011490112058651 -0.0016782524388778 0.0057598609106478 0.9999140465421343 -0.0235761824989038 0.6108669841440683  1.8849555974314738 399.8349581050881600
-0.0000006606182326 0.0011900139929470 -0.0017382188212419 0.0061704809235135 0.9999137791678761 -0.0244180201054743 0.6108670627928937  1.8849555980015635 399.8229595541188200
-0.0000006604665944 0.0012310132236358 -0.0017981880897090 0.0065952205481645 0.9999134767434265 -0.0252598430882603 0.6108671414416969  1.8849555986115800 399.8105400876418100
-0.0000006550635266 0.0012720087709887 -0.0018581603326744 0.0070340785440170 0.9999131362480387 -0.0261016510793935 0.6108672200904747  1.8849555992628702 399.7976997136048000
-0.0000006444093457 0.0013130005080740 -0.0019181356385256 0.0074870536268449 0.9999127546611739 -0.0269434426111193 0.6108672987392245  1.8849555999567855 399.7844384401102500
-0.0000006285043949 0.0013539883079720 -0.0019781140956422 0.0079541444688120 0.9999123289625149 -0.0277852161158012 0.6108673773879424  1.8849556006946739 399.7707562751255600
-0.0000006073490441 0.0013949720437750 -0.0020380957923950 0.0084353496981665 0.9999118561319802 -0.0286269735259281 0.6108674560366252  1.8849556014778863 399.7566532270188300
-0.0000005809436899 0.0014359515885879 -0.0020980808171464 0.0089306678995430 0.9999113331497334 -0.0294687143741146 0.6108675346852691  1.8849556023077709 399.7421293044857900
-0.0000005492887557 0.0014769268155285 -0.0021580692582498 0.0094400976139254 0.9999107569961971 -0.0303104375931058 0.6108676133338696  1.8849556031856773 399.7271845163981500
-0.0000005123846915 0.0015178975977277 -0.0022180612040493 0.0099636373387667 0.9999101246520693 -0.0311521411157863 0.6108676919824230  1.8849556041129536 399.7118188714355800
-0.0000004702319741 0.0015588638083305 -0.0022780567428795 0.0105012855275653 0.9999094330983311 -0.0319938270751780 0.6108677706309243  1.8849556050909491 399.6960323786761400
-0.0000004228311071 0.0015998253204956 -0.0023380559630654 0.0110530405902427 0.9999086793162629 -0.0328354950044470 0.6108678492793691  1.8849556061210113 399.6798250475507600
-0.0000003701826204 0.0016407820073965 -0.0023980589529218 0.0116189008930788 0.9999078602874552 -0.0336771440369077 0.6108679279277522  1.8849556072044904 399.6631968876716900
-0.0000003122870712 0.0016817337422214 -0.0024580658007532 0.0121988647588798 0.9999069729938228 -0.0345187717060294 0.6108680065760682  1.8849556083427328 399.6461479084701400
-0.0000002491450429 0.0017226803981737 -0.0025180765948534 0.0127929304664679 0.9999060144176178 -0.0353603802454345 0.6108680852243119  1.8849556095370867 399.6286781197626400
-0.0000001807571458 0.0017636218484726 -0.0025780914235056 0.0134010962511209 0.9999049815414415 -0.0362019693889087 0.6108681638724774  1.8849556107889005 399.6107875317030700
-0.0000001071240170 0.0018045579663535 -0.0026381103749817 0.0140233603045043 0.9999038713482554 -0.0370435383704052 0.6108682425205589  1.8849556120995232 399.5924761546210100
-0.0000000282463200 0.0018454886250679 -0.0026981335375421 0.0146597207748644 0.9999026808213981 -0.0378850843240426 0.6108683211685498  1.8849556134703007 399.5737439987029200
0.0000000558752548 0.0018864136978844 -0.0027581609994357 0.0153101757664322 0.9999014069445950 -0.0387266096841156 0.6108683998164444  1.8849556149025806 399.5545910744708100
0.0000001452399903 0.0019273330580887 -0.0028181928488992 0.0159747233399376 0.9999000467019719 -0.0395681141850943 0.6108684784642354  1.8849556163977097 399.5350173928092700
0.0000002398471428 0.0019682465789841 -0.0028782291741574 0.0166533615125096 0.9998985970780686 -0.0404095972616346 0.6108685571119162  1.8849556179570359 399.5150229647821300
0.0000003396959419 0.0020091541338922 -0.0029382700634223 0.0173460882579295 0.9998970550578507 -0.0412510556485758 0.6108686357594796  1.8849556195819059 399.4946078013341500
0.0000004447855905 0.0020500555961526 -0.0029983156048932 0.0180529015059295 0.9998954176267226 -0.0420924919809486 0.6108687144069180  1.8849556212736660 399.4737719136884900
0.0000005551152650 0.0020909508391240 -0.0030583658867565 0.0187737991427879 0.9998936817705403 -0.0429339059939786 0.6108687930542239  1.8849556230336624 399.4525153134591700
0.0000006706841149 0.0021318397361841 -0.0031184209971850 0.0195087790112008 0.9998918444756239 -0.0437752972230891 0.6108688717013895  1.8849556248632426 399.4308380124417700
0.0000007914912632 0.0021727221607303 -0.0031784810243381 0.0202578389105617 0.9998899027287714 -0.0446166622039084 0.6108689503484067  1.8849556267637515 399.4087400223905300
0.0000009175358061 0.0022135979861800 -0.0032385460563613 0.0210209765962242 0.9998878535172697 -0.0454580036722752 0.6108690289952674  1.8849556287365343 399.3862213551769900
0.0000010488168133 0.0022544670859708 -0.0032986161813858 0.0217981897801196 0.9998856938289110 -0.0462993213642317 0.6108691076419628  1.8849556307829374 399.3632820231432600
0.0000011853333278 0.0022953293335613 -0.0033586914875286 0.0225894761306254 0.9998834206519988 -0.0471406148160388 0.6108691862884841  1.8849556329043065 399.3399220388140500
0.0000013270843659 0.0023361846024310 -0.0034187720628919 0.0233948332728379 0.9998810309753685 -0.0479818807641795 0.6108692649348224  1.8849556351019869 399.3161414147014100
0.0000014740689173 0.0023770327660811 -0.0034788579955630 0.0242142587878708 0.9998785217883961 -0.0488231215453611 0.6108693435809682  1.8849556373773224 399.2919401633758400
0.0000016262859452 0.0024178736980347 -0.0035389493736138 0.0250477502134098 0.9998758900810103 -0.0496643369965174 0.6108694222269119  1.8849556397316580 399.2673182979223700
0.0000017837343859 0.0024587072718373 -0.0035990462851009 0.0258953050436093 0.9998731328437062 -0.0505055268548128 0.6108695008726441  1.8849556421663396 399.2422758316062100
0.0000019464131494 0.0024995333610568 -0.0036591488180649 0.0267569207294003 0.9998702470675592 -0.0513466879576556 0.6108695795181548  1.8849556446827089 399.2168127776628800
0.0000021143211187 0.0025403518392847 -0.0037192570605305 0.0276325946777802 0.9998672297442369 -0.0521878222426863 0.6108696581634335  1.8849556472821110 399.1909291493627700
0.0000022874571506 0.0025811625801355 -0.0037793711005060 0.0285223242523056 0.9998640778660106 -0.0530289297477964 0.6108697368084699  1.8849556499658895 399.1646249605134900
0.0000024658200750 0.0026219654572480 -0.0038394910259832 0.0294261067730514 0.9998607884257703 -0.0538700102111247 0.6108698154532530  1.8849556527353883 399.1379002251040300
0.0000026494086953 0.0026627603442850 -0.0038996169249368 0.0303439395168925 0.9998573584170363 -0.0547110606710651 0.6108698940977724  1.8849556555919498 399.1107549571204900
0.0000028382217883 0.0027035471149342 -0.0039597488853246 0.0312758197168418 0.9998537848339715 -0.0555520826662658 0.6108699727420163  1.8849556585369178 399.0831891705364000
0.0000030322581043 0.0027443256429080 -0.0040198869950869 0.0322217445624561 0.9998500646713947 -0.0563930764356406 0.6108700513859737  1.8849556615716345 399.0552028798777500
0.0000032315163669 0.0027850958019447 -0.0040800313421463 0.0331817111998637 0.9998461949247943 -0.0572340417183681 0.6108701300296332  1.8849556646974428 399.0267960998546100
0.0000034359952731 0.0028258574658081 -0.0041401820144073 0.0341557167320163 0.9998421725903381 -0.0580749757538962 0.6108702086729825  1.8849556679156856 398.9979688452007200
0.0000036456934934 0.0028666105082884 -0.0042003390997564 0.0351437582180846 0.9998379946648907 -0.0589158795819492 0.6108702873160097  1.8849556712277025 398.9687211306333600
0.0000038606096717 0.0029073548032023 -0.0042605026860614 0.0361458326737491 0.9998336581460207 -0.0597567538425302 0.6108703659587024  1.8849556746348359 398.9390529713646200
0.0000040807424255 0.0029480902243938 -0.0043206728611715 0.0371619370713458 0.9998291600320177 -0.0605975981759240 0.6108704446010479  1.8849556781384278 398.9089643828132200
0.0000043060903454 0.0029888166457339 -0.0043808497129165 0.0381920683400456 0.9998244973219036 -0.0614384100227018 0.6108705232430337  1.8849556817398183 398.8784553804554800
0.0000045366519959 0.0030295339411217 -0.0044410333291074 0.0392362233653253 0.9998196670154461 -0.0622791900237283 0.6108706018846464  1.8849556854403484 398.8475259797160700
0.0000047724259146 0.0030702419844843 -0.0045012237975352 0.0402943989891487 0.9998146661131693 -0.0631199390201610 0.6108706805258727  1.8849556892413584 398.8161761965151900
0.0000050134106127 0.0031109406497775 -0.0045614212059711 0.0413665920101973 0.9998094916163681 -0.0639606566534614 0.6108707591666992  1.8849556931441895 398.7844060469897700
0.0000052596045749 0.0031516298109861 -0.0046216256421662 0.0424527991840115 0.9998041405271205 -0.0648013405653914 0.6108708378071120  1.8849556971501786 398.7522155473548700
0.0005032619254654 0.0031388614074783 8.9878180462729027 -0.1108760418060648 0.9756703775519869 -0.0656243676905811 0.6108709158163488  1.8849556938254683 398.7196091144986700
0.0009829205321705 0.0029654491232554 17.9877576663562170 -0.2493154176309495 0.9050299637642422 -0.0664474587644508 0.6108709900673973  1.8849556764333111 398.6865911625993700
0.0013842497782958 0.0025622924267839 26.9876971998138760 -0.3591239489050621 0.7947898170539517 -0.0672702809958055 0.6108710571458501  1.8849556470773698 398.6531616960662600
0.0016237353494630 0.0018873158556157 35.9876364675838970 -0.4295117749203561 0.6557127666584374 -0.0680914055597090 0.6108711143380681  1.8849556090372430 398.6193211598039700
0.0016041055259806 0.0009340864229891 44.9875753364652060 -0.4535550698888703 0.5013558886320761 -0.0689082749459750 0.6108711598948340  1.8849555664460791 398.5850709954660300
0.0012273142139281 -0.0002631145328741 53.9875135424150870 -0.4288619112220680 0.3467417041805629 -0.0697172862003090 0.6108711932002273  1.8849555238858726 398.5504141919042200
0.0004085979622252 -0.0016289660496556 62.9874508679417670 -0.3577960781971284 0.2068917637615604 -0.0705140592058198 0.6108712148296609  1.8849554859399038 398.5153557493134700
-0.0009101018957585 -0.0030514929051015 71.9873871624286180 -0.2472392014478499 0.0953649700419008 -0.0712939321161546 0.6108712264918188  1.8849554567458713 398.4799029535232600
-0.0027484311317866 -0.0043908854046620 80.9873225868578290 -0.1079160683616141 0.0229415215723734 -0.0720526495373893 0.6108712308604571  1.8849554395930121 398.4440653521002100
-0.0050792892838439 -0.0054922222276955 89.9872568699940130 0.0466506177142793 -0.0034212596843471 -0.0727871834905839 0.6108712313126353  1.8849554366021042 398.4078543484720300
-0.0067757084770058 -0.0072192456333863 89.9946905279290230 0.0469440916764008 -0.0055135437529647 -0.0735078374152010 0.6108712309650820  1.8849554410815028 398.3712806028463500
-0.0084715325726416 -0.0089469000035738 89.9946242370190110 0.0471119255691098 -0.0081910936029778 -0.0742287260909977 0.6108712304299434  1.8849554455768178 398.3343464733634400
-0.0101674782226182 -0.0106745143719441 89.9945579975897230 0.0472849387325683 -0.0114539768881947 -0.0749498862320993 0.6108712296611816  1.8849554500884240 398.2970518331612200
-0.0118635454760298 -0.0124020834504957 89.9944918096049660 0.0474630521605168 -0.0153022082188955 -0.0756713533029829 0.6108712286127545  1.8849554546168141 398.2593965376412400
-0.0135597343810668 -0.0141296019509965 89.9944256730302500 0.0476461859427569 -0.0197358012983698 -0.0763931627759583 0.6108712272386215  1.8849554591624695 398.2213804244709600
-0.0152560449850074 -0.0158570645849921 89.9943595878311270 0.0478342592653461 -0.0247547689226402 -0.0771153501307981 0.6108712254927402  1.8849554637258668 398.1830033135797700
-0.0169524773342096 -0.0175844660638137 89.9942935539740600 0.0480271904107946 -0.0303591229801852 -0.0778379508543570 0.6108712233290670  1.8849554683074750 398.1442650071553000
-0.0186490314741032 -0.0193118010985868 89.9942275714272310 0.0482248967582667 -0.0365488744516634 -0.0785610004401925 0.6108712207015574  1.8849554729077551 398.1051652896400700
-0.0203457074491813 -0.0210390644002387 89.9941616401588360 0.0484272947837830 -0.0433240334096365 -0.0792845343881917 0.6108712175641665  1.8849554775271578 398.0657039277280700
-0.0220425053029926 -0.0227662506795072 89.9940957601386910 0.0486343000604275 -0.0506846090182933 -0.0800085882041904 0.6108712138708489  1.8849554821661285 398.0258806703618000
-0.0237394250781327 -0.0244933546469483 89.9940299313367400 0.0488458272585557 -0.0586306095331736 -0.0807331973995969 0.6108712095755571  1.8849554868251033 397.9856952487302200
-0.0254364668162364 -0.0262203710129448 89.9939641537245760 0.0490617901460075 -0.0671620423008921 -0.0814583974910117 0.6108712046322435  1.8849554915045104 397.9451473762644000
-0.0271336305579695 -0.0279472944877142 89.9938984272745730 0.0492821015883210 -0.0762789137588623 -0.0821842239998541 0.6108711989948613  1.8849554962047694 397.9042367486362100
-0.0288309163430204 -0.0296741197813170 89.9938327519597010 0.0495066735489509 -0.0859812294350211 -0.0829107124519794 0.6108711926173612  1.8849555009262922 397.8629630437556600
-0.0305283242100922 -0.0314008416036647 89.9937671277540830 0.0497354170894889 -0.0962689939475528 -0.0836378983773048 0.6108711854536952  1.8849555056694818 397.8213259217686200
-0.0322258541968943 -0.0331274546645281 89.9937015546329920 0.0499682423698870 -0.1071422110046138 -0.0843658173094307 0.6108711774578142  1.8849555104347324 397.7793250250555300
-0.0339235063401347 -0.0348539536735456 89.9936360325723830 0.0502050586486844 -0.1186008834040566 -0.0850945047852601 0.6108711685836690  1.8849555152224304 397.7369599782287000
-0.0356212806755115 -0.0365803333402309 89.9935705615492910 0.0504457742832360 -0.1306450130331554 -0.0858239963446254 0.6108711587852095  1.8849555200329524 397.6942303881314700
-0.0373191772377049 -0.0383065883739819 89.9935051415416750 0.0506902967299455 -0.1432746008683300 -0.0865543275299053 0.6108711480163872  1.8849555248666678 397.6511358438367600
-0.0390171960603689 -0.0400327134840884 89.9934397725285460 0.0509385325444998 -0.1564896469748713 -0.0872855338856502 0.6108711362311513  1.8849555297239333 397.6076759166455200
-0.0407153371761234 -0.0417587033797400 89.9933744544898390 0.0511903873821072 -0.1702901505066662 -0.0880176509582033 0.6108711233834534  1.8849555346051021 397.5638501600857900
-0.0424136006165461 -0.0434845527700355 89.9933091874062680 0.0514457659977383 -0.1846761097059224 -0.0887507142953210 0.6108711094272435  1.8849555395105144 397.5196581099126000
-0.0441119864121644 -0.0452102563639894 89.9932439712600290 0.0517045722463701 -0.1996475219028949 -0.0894847594457976 0.6108710943164718  1.8849555444405031 397.4750992841061400
-0.0458104945924466 -0.0469358088705416 89.9931788060337960 0.0519667090832321 -0.2152043835156098 -0.0902198219590834 0.6108710780050899  1.8849555493953900 397.4301731828724700
-0.0475091251857950 -0.0486612049985647 89.9931136917116560 0.0522320785640566 -0.2313466900495909 -0.0909559373849098 0.6108710604470494  1.8849555543754897 397.3848792886429900
-0.0492078782195365 -0.0503864394568722 89.9930486282783870 0.0525005818453306 -0.2480744360975853 -0.0916931412729115 0.6108710415963012  1.8849555593811063 397.3392170660740100
-0.0509067537199158 -0.0521115069542277 89.9929836157198930 0.0527721191845517 -0.2653876153392889 -0.0924314691722453 0.6108710214067978  1.8849555644125344 397.2931859620468900
-0.0526057517120860 -0.0538364021993515 89.9929186540232990 0.0530465899404862 -0.2832862205410726 -0.0931709566312138 0.6108709998324916  1.8849555694700595 397.2467854056691300
-0.0543048722201014 -0.0555611199009302 89.9928537431764110 0.0533238925734306 -0.3017702435557084 -0.0939116391968890 0.6108709768273360  1.8849555745539577 397.2000148082739200
-0.0560041152669091 -0.0572856547676243 89.9927888831683590 0.0536039246454755 -0.3208396753220954 -0.0946535524147283 0.6108709523452854  1.8849555796644948 397.1528735634216200
-0.0577034808743409 -0.0590100015080767 89.9927240739890520 0.0538865828207729 -0.3404945058649860 -0.0953967318282047 0.6108709263402935  1.8849555848019250 397.1053610469001600
-0.0594029690631051 -0.0607341548309201 89.9926593156296800 0.0541717628658062 -0.3607347242947134 -0.0961412129784208 0.6108708987663163  1.8849555899664954 397.0574766167259800
-0.0611025798527784 -0.0624581094447862 89.9925946080823280 0.0544593596496630 -0.3815603188069174 -0.0968870314037354 0.6108708695773100  1.8849555951584422 397.0092196131465700
-0.0628023132617982 -0.0641818600583138 89.9925299513401030 0.0547492671443111 -0.4029712766822707 -0.0976342226393856 0.6108708387272325  1.8849556003779915 396.9605893586403300
-0.0645021693074541 -0.0659054013801563 89.9924653453973630 0.0550413784248773 -0.4249675842862068 -0.0983828222171063 0.6108708061700416  1.8849556056253591 396.9115851579186900
-0.0662021480058799 -0.0676287281189906 89.9924007902493340 0.0553355856699289 -0.4475492270686463 -0.0991328656647535 0.6108707718596970  1.8849556109007504 396.8622062979288800
-0.0679022493720457 -0.0693518349835251 89.9923362858925200 0.0556317801617584 -0.4707161895637248 -0.0998843885059255 0.6108707357501588  1.8849556162043615 396.8124520478546100
-0.0696024734197494 -0.0710747166825082 89.9922718323241210 0.0559298522866714 -0.4944684553895198 -0.1006374262595893 0.6108706977953896  1.8849556215363745 396.7623216591195500
-0.0713028201616094 -0.0727973679247358 89.9922074295429870 0.0562296915352764 -0.5188060072477781 -0.1013920144396922 0.6108706579493529  1.8849556268969652 396.7118143653883100
-0.0730032896090555 -0.0745197834190602 89.9921430775486610 0.0565311865027788 -0.5437288269236430 -0.1021481885547943 0.6108706161660130  1.8849556322862981 396.6609293825704900
-0.0747038817723210 -0.0762419578743982 89.9920787763413590 0.0568342248892769 -0.5692368952853837 -0.1029059841076897 0.6108705723993354  1.8849556377045242 396.6096659088228800
-0.0764045966604362 -0.0779638859997392 89.9920145259234520 0.0571386935000613 -0.5953301922841207 -0.1036654365950225 0.6108705266032883  1.8849556431517875 396.5580231245517700
-0.0781054342812182 -0.0796855625041537 89.9919503262976260 0.0574444782459171 -0.6220086969535560 -0.1044265815069131 0.6108704787318410  1.8849556486282175 396.5060001924175000
-0.0798063946412644 -0.0814069820968013 89.9918861774681740 0.0577514641434290 -0.6492723874097010 -0.1051894543265819 0.6108704287389641  1.8849556541339350 396.4535962573366400
-0.0815074777459430 -0.0831281394869385 89.9918220794401410 0.0580595353152893 -0.6771212408506036 -0.1059540905299680 0.6108703765786310  1.8849556596690513 396.4008104464859300
-0.0832086835993866 -0.0848490293839282 89.9917580322198350 0.0583685749906091 -0.7055552335560770 -0.1067205255853527 0.6108703222048157  1.8849556652336612 396.3476418693063000
-0.0849100122044825 -0.0865696464972467 89.9916940358146460 0.0586784655052320 -0.7345743408874291 -0.1074887949529868 0.6108702655714947  1.8849556708278536 396.2940896175061900
-0.0866114635628659 -0.0882899855364927 89.9916300902332010 0.0589890883020512 -0.7641785372871922 -0.1082589340847051 0.6108702066326464  1.8849556764517035 396.2401527650661700
-0.0883130376749115 -0.0900100412113953 89.9915661954852060 0.0593003239313289 -0.7943677962788499 -0.1090309784235547 0.6108701453422510  1.8849556821052760 396.1858303682431000
-0.0900147345397251 -0.0917298082318223 89.9915023515813170 0.0596120520510195 -0.8251420904665663 -0.1098049634034137 0.6108700816542910  1.8849556877886231 396.1311214655747200
-0.0917165541551359 -0.0934492813077886 89.9914385585334880 0.0599241514270951 -0.8565013915349165 -0.1105809244486218 0.6108700155227516  1.8849556935017870 396.0760250778839100
-0.0934184965176881 -0.0951684551494634 89.9913748163550760 0.0602364999338740 -0.8884456702486160 -0.1113588969735934 0.6108699469016193  1.8849556992447964 396.0205402082841000
-0.0951205616226337 -0.0968873244671804 89.9913111250602920 0.0605489745543527 -0.9209748964522498 -0.1121389163824432 0.6108698757448839  1.8849557050176697 395.9646658421836500
-0.0968227494639236 -0.0986058839714450 89.9912474846645690 0.0608614513805399 -0.9540890390700006 -0.1129210180686174 0.6108698020065371  1.8849557108204127 395.9084009472924200
-0.0985250600342000 -0.1003241283729417 89.9911838951846050 0.0611738056137942 -0.9877880661053826 -0.1137052374145043 0.6108697256405729  1.8849557166530198 395.8517444736252700
-0.1002274933247879 -0.1020420523825440 89.9911203566381910 0.0614859115651646 -1.0220719446409670 -0.1144916097910660 0.6108696466009881  1.8849557225154738 395.7946953535089800
-0.1019300493256882 -0.1037596507113219 89.9910568690443710 0.0617976426557337 -1.0569406408381157 -0.1152801705574580 0.6108695648417819  1.8849557284077445 395.7372525015885000
-0.1036327280255680 -0.1054769180705498 89.9909934324233380 0.0621088714169643 -1.0923941199367104 -0.1160709550606565 0.6108694803169567  1.8849557343297898 395.6794148148312000
-0.1053355294117542 -0.1071938491717155 89.9909300467965350 0.0624194694910483 -1.1284323462548813 -0.1168639986350770 0.6108693929805176  1.8849557402815549 395.6211811725347600
-0.1070384534702245 -0.1089104387265285 89.9908667121863740 0.0627293076312588 -1.1650552831887426 -0.1176593366021979 0.6108693027864718  1.8849557462629747 395.5625504363326300
-0.1247003729661158 -0.0923990664758231 98.9833075653758810 0.2188188410947839 -1.1766058041142378 -0.1183820528244696 0.6108692103583991  1.8849557597522464 395.5035336123436300
-0.1397816256305892 -0.0732170003067021 107.9832578803116800 0.3625154749789704 -1.1387426495325368 -0.1189642733830027 0.6108691189929687  1.8849557876957743 395.4441918649283700
-0.1517996114030509 -0.0517480385779377 116.9832171190907200 0.4795651014399844 -1.0579287988446686 -0.1194420426512419 0.6108690323511243  1.8849558282049734 395.3845867917104300
-0.1603315254012243 -0.0284475554081162 125.9831843328458100 0.5585543437554525 -0.9445658608428125 -0.1198581579961243 0.6108689534249472  1.8849558781608846 395.3247601171537400
-0.1650200906067163 -0.0038537053913208 134.9831574287348700 0.5918495300259442 -0.8119666107522867 -0.1202579930128613 0.6108688842661081  1.8849559335270212 395.2647313393763400
-0.1655942641501818 0.0214206953565756 143.9831335299348000 0.5762996485075385 -0.6750502074403286 -0.1206849877011247 0.6108688258067659  1.8849559897475150 395.2044975637929800
-0.1618889082382137 0.0467020619182787 152.9831092278327300 0.5135044541795385 -0.5488850407017017 -0.1211762571747144 0.6108687777899752  1.8849560421920508 395.1440355827865600
-0.1538617309791834 0.0712752822799392 161.9830810928744100 0.4096212454380456 -0.4472197751654810 -0.1217587863096225 0.6108687388161137  1.8849560866044188 395.0833060238608100
-0.1416058833890639 0.0944078219116792 170.9830458965814400 0.2747280120424425 -0.3811450402403811 -0.1224466750388775 0.6108687065006271  1.8849561195110807 395.0222591555756800
-0.1253568011418076 0.1153774635468413 179.9830012118687300 0.1218037652407616 -0.3580164278224449 -0.1232397860697913 0.6108686777275489  1.8849561385499134 394.9608417324874900
-0.1253332960294868 0.1153590237428854 179.9904480143716800 0.1215738695169725 -0.3580298707742758 -0.1240827704650522 0.6108686495670042  1.8849561501758727 394.8990111032096600
-0.1253248951100579 0.1153241745823159 179.9903948140085100 0.1214749366365928 -0.3580433406825818 -0.1249259659395416 0.6108686214053998  1.8849561617922448 394.8367589292001300
-0.1253164989814237 0.1152893242656760 179.9903416138592700 0.1213761230180629 -0.3580568194908568 -0.1257693713075921 0.6108685932427355  1.8849561733991658 394.7740851053974900
-0.1253081076435467 0.1152544727942327 179.9902884139235400 0.1212774286832530 -0.3580703071979960 -0.1266129878562663 0.6108685650790103  1.8849561849966499 394.7109895259890800
-0.1252997210963885 0.1152196201692519 179.9902352142008800 0.1211788536541822 -0.3580838038028951 -0.1274568179729490 0.6108685369142236  1.8849561965847017 394.6474720845485500
-0.1252913393399121 0.1151847663919990 179.9901820146908200 0.1210803979529500 -0.3580973093044519 -0.1283008641453571 0.6108685087483748  1.8849562081633362 394.5835326743237500
-0.1252829623740783 0.1151499114637416 179.9901288153928600 0.1209820616018737 -0.3581108237015676 -0.1291451254615307 0.6108684805814629  1.8849562197325656 394.5191711876738100
-0.1252745901988500 0.1151150553857454 179.9900756163066300 0.1208838446234515 -0.3581243469931431 -0.1299896031098418 0.6108684524134876  1.8849562312924006 394.4543875162055400
-0.1252662228141900 0.1150801981592768 179.9900224174315900 0.1207857470403319 -0.3581378791780814 -0.1308342991789953 0.6108684242444479  1.8849562428428526 394.3891815509027200
-0.1252578602200595 0.1150453397856044 179.9899692187673300 0.1206877688752344 -0.3581514202552865 -0.1316792166580302 0.6108683960743431  1.8849562543839335 394.3235531824598800
-0.1252495024164201 0.1150104802659938 179.9899160203133600 0.1205899101510979 -0.3581649702236657 -0.1325243544363217 0.6108683679031725  1.8849562659156540 394.2575023006819500
-0.1252411494032345 0.1149756196017138 179.9898628220692300 0.1204921708910468 -0.3581785290821269 -0.1333697137035829 0.6108683397309355  1.8849562774380262 394.1910287945983100
-0.1252328011804648 0.1149407577940321 179.9898096240345100 0.1203945511183584 -0.3581920968295796 -0.1342152963498697 0.6108683115576311  1.8849562889510607 394.1241325526068500
-0.1252244577480730 0.1149058948442148 179.9897564262086900 0.1202970508563832 -0.3582056734649353 -0.1350611057655755 0.6108682833832592  1.8849563004547698 394.0568134628041400
-0.1252161191060211 0.1148710307535317 179.9897032285913400 0.1201996701286813 -0.3582192589871077 -0.1359071406414412 0.6108682552078186  1.8849563119491646 393.9890714124397300
-0.1252077852542707 0.1148361655232505 179.9896500311820100 0.1201024089590045 -0.3582328533950118 -0.1367534021685527 0.6108682270313089  1.8849563234342561 393.9209062879631300
-0.1251994561927840 0.1148012991546392 179.9895968339802400 0.1200052673712587 -0.3582464566875647 -0.1375998920383450 0.6108681988537292  1.8849563349100562 393.8523179751861100
-0.1251911319215228 0.1147664316489681 179.9895436369855600 0.1199082453894272 -0.3582600688636836 -0.1384466140426025 0.6108681706750789  1.8849563463765764 393.7833063595999800
-0.1251828124404494 0.1147315630075046 179.9894904401974700 0.1198113430376917 -0.3582736899222902 -0.1392935666734615 0.6108681424953573  1.8849563578338282 393.7138713258982000
-0.1251744977495257 0.1146966932315184 179.9894372436155800 0.1197145603404316 -0.3582873198623065 -0.1401407511234139 0.6108681143145636  1.8849563692818225 393.6440127579480800
-0.1251661878487130 0.1146618223222791 179.9893840472394100 0.1196178973221820 -0.3583009586826564 -0.1409881688853042 0.6108680861326971  1.8849563807205714 393.5737305389737900
-0.1251578827379728 0.1146269502810547 179.9893308510684700 0.1195213540075721 -0.3583146063822641 -0.1418358242523367 0.6108680579497572  1.8849563921500860 393.5030245518050300
-0.1251495824172670 0.1145920771091170 179.9892776551023400 0.1194249304213939 -0.3583282629600595 -0.1426837153180786 0.6108680297657431  1.8849564035703776 393.4318946786281100
-0.1251412868865575 0.1145572028077354 179.9892244593405300 0.1193286265886587 -0.3583419284149714 -0.1435318434764551 0.6108680015806541  1.8849564149814584 393.3603408007084000
-0.1251329961458068 0.1145223273781796 179.9891712637825900 0.1192324425345351 -0.3583556027459316 -0.1443802099217577 0.6108679733944896  1.8849564263833387 393.2883627986646500
-0.1251247101949772 0.1144874508217213 179.9891180684280400 0.1191363782842806 -0.3583692859518717 -0.1452288191486423 0.6108679452072490  1.8849564377760308 393.2159605527418200
-0.1251164290340286 0.1144525731396297 179.9890648732764800 0.1190404338633085 -0.3583829780317285 -0.1460776693521329 0.6108679170189314  1.8849564491595456 393.1431339425688500
-0.1251081526629231 0.1144176943331764 179.9890116783273600 0.1189446092972597 -0.3583966789844387 -0.1469267618276241 0.6108678888295361  1.8849564605338971 393.0698828468216000
-0.1250998810816222 0.1143828144036334 179.9889584835802900 0.1188489046119322 -0.3584103888089417 -0.1477760977708819 0.6108678606390625  1.8849564718990923 392.9962071435296600
-0.1250916142900882 0.1143479333522701 179.9889052890347600 0.1187533198332206 -0.3584241075041774 -0.1486256814780481 0.6108678324475101  1.8849564832551449 392.9221067103158600
-0.1250833522882837 0.1143130511803608 179.9888520946903700 0.1186578549871609 -0.3584378350690897 -0.1494755115456360 0.6108678042548777  1.8849564946020663 392.8475814242469300
-0.1250750950761685 0.1142781678891758 179.9887989005465600 0.1185625101000238 -0.3584515715026234 -0.1503255890705406 0.6108677760611649  1.8849565059398676 392.7726311614075000
-0.1250668426537047 0.1142432834799866 179.9887457066029700 0.1184672851982373 -0.3584653168037259 -0.1511759152500350 0.6108677478663710  1.8849565172685612 392.6972557972352400
-0.1250585950208536 0.1142083979540670 179.9886925128591000 0.1183721803083336 -0.3584790709713444 -0.1520264941817730 0.6108677196704954  1.8849565285881580 392.6214552067299300
-0.1250503521775765 0.1141735113126882 179.9886393193144700 0.1182771954569813 -0.3584928340044314 -0.1528773249637940 0.6108676914735371  1.8849565398986692 392.5452292643523200
-0.1250421141238351 0.1141386235571235 179.9885861259686500 0.1181823306710763 -0.3585066059019392 -0.1537284082945226 0.6108676632754956  1.8849565512001061 392.4685778436176000
-0.1250338808595924 0.1141037346886472 179.9885329328211300 0.1180875859776746 -0.3585203866628234 -0.1545797455727728 0.6108676350763700  1.8849565624924813 392.3915008173783000
-0.1250256523848088 0.1140688447085309 179.9884797398714800 0.1179929614039565 -0.3585341762860401 -0.1554313404977443 0.6108676068761600  1.8849565737758056 392.3139980579676900
-0.1250174286994452 0.1140339536180493 179.9884265471192500 0.1178984569772058 -0.3585479747705491 -0.1562831926690336 0.6108675786748645  1.8849565850500904 392.2360694373153400
-0.1250092098034630 0.1139990614184760 179.9883733545639200 0.1178040727249481 -0.3585617821153118 -0.1571353025866260 0.6108675504724831  1.8849565963153470 392.1577148263450600
-0.1250009956968237 0.1139641681110838 179.9883201622051000 0.1177098086748714 -0.3585755983192917 -0.1579876716509044 0.6108675222690149  1.8849566075715876 392.0789340953089100
-0.1249927863794896 0.1139292736971487 179.9882669700422800 0.1176156648547936 -0.3585894233814527 -0.1588403033626498 0.6108674940644593  1.8849566188188231 391.9997271139171700
-0.1249845818514210 0.1138943781779442 179.9882137780750200 0.1175216412926265 -0.3586032573007635 -0.1596931977230435 0.6108674658588156  1.8849566300570650 391.9200937515139500
-0.1249763821125801 0.1138594815547457 179.9881605863028300 0.1174277380165315 -0.3586171000761937 -0.1605463551336671 0.6108674376520830  1.8849566412863255 391.8400338764076900
-0.1249681871629274 0.1138245838288285 179.9881073947252900 0.1173339550548303 -0.3586309517067153 -0.1613997767965051 0.6108674094442609  1.8849566525066150 391.7595473562425400
-0.1249599970024241 0.1137896850014667 179.9880542033418700 0.1172402924359721 -0.3586448121913016 -0.1622534661139503 0.6108673812353487  1.8849566637179460 391.6786340581319300
-0.1249518116310313 0.1137547850739369 179.9880010121521500 0.1171467501884986 -0.3586586815289290 -0.1631074234888004 0.6108673530253453  1.8849566749203295 391.5972938488265500
-0.1249436310487113 0.1137198840475147 179.9879478211557000 0.1170533283412018 -0.3586725597185763 -0.1639616491242636 0.6108673248142504  1.8849566861137768 391.5155265940405200
-0.1249354552554244 0.1136849819234754 179.9878946303519500 0.1169600269230366 -0.3586864467592242 -0.1648161442239602 0.6108672966020634  1.8849566972983001 391.4333321588130200
-0.1249272842511323 0.1136500787030969 179.9878414397405500 0.1168668459630904 -0.3587003426498551 -0.1656709119919249 0.6108672683887833  1.8849567084739107 391.3507104076313100
-0.1249191180357956 0.1136151743876548 179.9877882493209400 0.1167737854905459 -0.3587142473894537 -0.1665259533326054 0.6108672401744093  1.8849567196406189 391.2676612046056400
-0.1249109566093756 0.1135802689784257 179.9877350590927000 0.1166808455348191 -0.3587281609770078 -0.1673812680508686 0.6108672119589409  1.8849567307984381 391.1841844128845200
-0.1249027999718338 0.1135453624766879 179.9876818690553900 0.1165880261254964 -0.3587420834115075 -0.1682368574520007 0.6108671837423777  1.8849567419473783 391.1002798949088500
-0.1248946481231311 0.1135104548837173 179.9876286792085100 0.1164953272923038 -0.3587560146919439 -0.1690927245417099 0.6108671555247183  1.8849567530874520 391.0159475125385600
-0.1248865010632278 0.1134755462007922 179.9875754895516000 0.1164027490650573 -0.3587699548173107 -0.1699488706261257 0.6108671273059626  1.8849567642186706 390.9311871272746500
-0.1248783587920854 0.1134406364291910 179.9875223000841800 0.1163102914738100 -0.3587839037866053 -0.1708052954118070 0.6108670990861095  1.8849567753410454 390.8459985996450400
-0.1248702213096655 0.1134057255701911 179.9874691108058200 0.1162179545487853 -0.3587978615988265 -0.1716620001057379 0.6108670708651585  1.8849567864545880 390.7603817894702200
-0.1248620886159286 0.1133708136250723 179.9874159217160400 0.1161257383203497 -0.3588118282529748 -0.1725189874153323 0.6108670426431090  1.8849567975593100 390.6743365559739800
-0.1248539607108351 0.1133359005951121 179.9873627328143200 0.1160336428189448 -0.3588258037480537 -0.1733762591484358 0.6108670144199602  1.8849568086552229 390.5878627580820500
-0.1248458375943473 0.1133009864815893 179.9873095441002700 0.1159416680752553 -0.3588397880830698 -0.1742338148133269 0.6108669861957117  1.8849568197423381 390.5009602537247700
-0.1053299141191286 0.1313573632936869 -171.0202456046660900 -0.0402942356909704 -0.3815790094639734 -0.1751328426929148 0.6108669573771830  1.8849568233319332 390.4136219250062300
-0.0827005327744482 0.1460259938882974 -162.0203114435248900 -0.1853879628669128 -0.4484251127474230 -0.1760970949135036 0.6108669250083152  1.8849568123995628 390.3258164929862300
-0.0575973875332466 0.1567770702791240 -153.0203868462170900 -0.3058291531515680 -0.5530520781363014 -0.1770921543533613 0.6108668858406037  1.8849567886784651 390.2375196748840800
-0.0307443809611309 0.1632187920012781 -144.0204692618035600 -0.3909231659736064 -0.6852584769158794 -0.1780794098726936 0.6108668372811511  1.8849567550624375 390.1487256482076300
-0.0029374697991988 0.1651006269371442 -135.0205552007118700 -0.4337389494553325 -0.8320016566904939 -0.1790211123085598 0.6108667776590561  1.8849567152949238 390.0594478959393400
0.0249865290531987 0.1623258619192703 -126.0206405081155200 -0.4318135227489324 -0.9787182988857059 -0.1798854317201346 0.6108667063984334  1.8849566735722554 389.9697174977481500
0.0521834422545489 0.1549566198570679 -117.0207210463446300 -0.3874101989346048 -1.1108013623663406 -0.1806508737774116 0.6108666240804969  1.8849566341004815 389.8795790276241700
0.0778355419915841 0.1432111604401190 -108.0207931706571700 -0.3073028217032617 -1.2150864041262630 -0.1813095275271424 0.6108665323881080  1.8849566006501355 389.7890845154360000
0.1011836183652305 0.1274531996029577 -99.0208544746038800 -0.2021056469100434 -1.2811984480297538 -0.1818687213113291 0.6108664339379575  1.8849565761536851 389.6982861691563500
0.1215553189108503 0.1081747976976964 -90.0209032473365480 -0.0852143267117784 -1.3026238059577302 -0.1823508886129782 0.6108663320168070  1.8849565623863187 389.6072287128085300
0.1232602673995532 0.1064057941401693 -90.0134500289584310 -0.1243515603369153 -1.3000265154353601 -0.1834366541832718 0.6108662296562538  1.8849565523762941 389.5157821692886800
0.1249505795632116 0.1046527159272210 -90.0134966209471230 -0.1636084551206627 -1.2968372161108470 -0.1845280423187481 0.6108661275232757  1.8849565386133389 389.4237912102794300
0.1266404167561360 0.1028996551621465 -90.0135430195150260 -0.2028539278725377 -1.2930560321761757 -0.1856245635075078 0.6108660256644307  1.8849565210984134 389.3312532754142700
0.1283297790814707 0.1011466171859342 -90.0135892247591160 -0.2420878493804757 -1.2886830501989150 -0.1867262528676252 0.6108659241262706  1.8849564998326149 389.2381657893865300
0.1300186666437168 0.0993936073386886 -90.0136352367775320 -0.2813100913803614 -1.2837183576523306 -0.1878331454983380 0.6108658229553399  1.8849564748170562 389.1445261593349300
0.1317070795487283 0.0976406309596249 -90.0136810556693940 -0.3205205265561783 -1.2781620429149110 -0.1889452764796781 0.6108657221981776  1.8849564460528576 389.0503317748534800
0.1333950179036971 0.0958876933870562 -90.0137266815354020 -0.3597190285401545 -1.2720141952698820 -0.1900626808720971 0.6108656219013136  1.8849564135411558 388.9555800080009900
0.1350824818171524 0.0941347999583913 -90.0137721144770070 -0.3989054719129026 -1.2652749049047316 -0.1911853937160936 0.6108655221112722  1.8849563772830980 388.8602682133105800
0.1367694713989446 0.0923819560101205 -90.0138173545968530 -0.4380797322035644 -1.2579442629107309 -0.1923134500318469 0.6108654228745706  1.8849563372798430 388.7643937278012900
0.1384559867602422 0.0906291668778118 -90.0138624019985940 -0.4772416858899434 -1.2500223612824550 -0.1934468848188397 0.6108653242377178  1.8849562935325617 388.6679538709861400
0.1401420280135217 0.0888764378961019 -90.0139072567872350 -0.5163912103986407 -1.2415092929173044 -0.1945857330554905 0.6108652262472166  1.8849562460424367 388.5709459448841600
0.1418275952725575 0.0871237743986867 -90.0139519190689300 -0.5555281841051843 -1.2324051516150265 -0.1957300296987797 0.6108651289495615  1.8849561948106610 388.4733672340305500
0.1435126886524151 0.0853711817183147 -90.0139963889513410 -0.5946524863341582 -1.2227100320772397 -0.1968798096838808 0.6108650323912406  1.8849561398384431 388.3752150054872300
0.1451973082694439 0.0836186651867800 -90.0140406665429960 -0.6337639973593244 -1.2124240299069495 -0.1980351079237911 0.6108649366187330  1.8849560811269988 388.2764865088541300
0.1468814542412644 0.0818662301349091 -90.0140847519532910 -0.6728625984037456 -1.2015472416080746 -0.1991959593089583 0.6108648416785121  1.8849560186775567 388.1771789762804600
0.1485651266867656 0.0801138818925597 -90.0141286452928430 -0.7119481716399060 -1.1900797645849686 -0.2003623987069134 0.6108647476170429  1.8849559524913559 388.0772896224756900
0.1502483257260912 0.0783616257886066 -90.0141723466732910 -0.7510206001898218 -1.1780216971419413 -0.2015344609618983 0.6108646544807821  1.8849558825696500 387.9768156447216800
0.1519310514806347 0.0766094671509384 -90.0142158562075420 -0.7900797681251592 -1.1653731384827812 -0.2027121808944979 0.6108645623161800  1.8849558089136988 387.8757542228835900
0.1536133040730285 0.0748574113064471 -90.0142591740099650 -0.8291255604673381 -1.1521341887102761 -0.2038955933012696 0.6108644711696775  1.8849557315247774 387.7741025194228000
0.1552950836271372 0.0731054635810199 -90.0143023001958510 -0.8681578631876433 -1.1383049488257393 -0.2050847329543749 0.6108643810877085  1.8849556504041687 387.6718576794078200
0.1569763902680482 0.0713536292995315 -90.0143452348810910 -0.9071765632073243 -1.1238855207285259 -0.2062796346012129 0.6108642921166988  1.8849555655531698 387.5690168305278600
0.1586572241220632 0.0696019137858358 -90.0143879781829100 -0.9461815483976990 -1.1088760072155601 -0.2074803329640442 0.6108642043030657  1.8849554769730850 387.4655770831046200
0.1603375853166906 0.0678503223627588 -90.0144305302196700 -0.9851727075802469 -1.0932765119808585 -0.2086868627396318 0.6108641176932191  1.8849553846652312 387.3615355301048500
0.1620174739806367 0.0660988603520895 -90.0144728911104580 -1.0241499305267068 -1.0770871396150501 -0.2098992585988663 0.6108640323335606  1.8849552886309353 387.2568892471532500
0.1636968902437956 0.0643475330745732 -90.0145150609762510 -1.0631131079591687 -1.0603079956048993 -0.2111175551864020 0.6108639482704825  1.8849551888715363 387.1516352925462500
0.1653758342372426 0.0625963458499018 -90.0145570399386090 -1.1020621315501555 -1.0429391863328288 -0.2123417871202887 0.6108638655503705  1.8849550853883816 387.0457707072636700
0.1670543060932256 0.0608453039967075 -90.0145988281201140 -1.1409968939227171 -1.0249808190764462 -0.2135719889915993 0.6108637842196004  1.8849549781828285 386.9392925149836600
0.1687323059451553 0.0590944128325528 -90.0146404256446290 -1.1799172886505069 -1.0064330020080656 -0.2148081953640710 0.6108637043245404  1.8849548672562473 386.8321977220953200
0.1704098339275994 0.0573436776739246 -90.0146818326365410 -1.2188232102578622 -0.9872958441942268 -0.2160504407737316 0.6108636259115505  1.8849547526100141 386.7244833177134100
0.1720868901762691 0.0555931038362233 -90.0147230492217430 -1.2577145542198813 -0.9675694555952218 -0.2172987597285400 0.6108635490269805  1.8849546342455190 386.6161462736906200
0.1737634748280172 0.0538426966337587 -90.0147640755266850 -1.2965912169624978 -0.9472539470646202 -0.2185531867080098 0.6108634737171730  1.8849545121641607 386.5071835446339000
0.1754395880208243 0.0520924613797381 -90.0148049116788940 -1.3354530958625475 -0.9263494303487923 -0.2198137561628538 0.6108634000284607  1.8849543863673477 386.3975920679169500
0.1771152298937922 0.0503424033862612 -90.0148455578073480 -1.3743000892478399 -0.9048560180864294 -0.2210805025146133 0.6108633280071693  1.8849542568564968 386.2873687636954400
0.1787904005871362 0.0485925279643124 -90.0148860140423610 -1.4131320963972165 -0.8827738238080708 -0.2223534601552932 0.6108632576996135  1.8849541236330367 386.1765105349218200
0.1804651002421742 0.0468428404237482 -90.0149262805142600 -1.4519490175406200 -0.8601029619356291 -0.2236326634469963 0.6108631891520998  1.8849539866984042 386.0650142673598600
0.1821393290013221 0.0450933460732953 -90.0149663573548930 -1.4907507538591458 -0.8368435477819093 -0.2249181467215580 0.6108631224109264  1.8849538460540469 385.9528768296000900
0.1838130870080803 0.0433440502205374 -90.0150062446968490 -1.5295372074851004 -0.8129956975501390 -0.2262099442801857 0.6108630575223818  1.8849537017014211 385.8400950730744500
0.1854863744070312 0.0415949581719115 -90.0150459426736800 -1.5683082815020539 -0.7885595283334885 -0.2275080903930914 0.6108629945327452  1.8849535536419910 385.7266658320718900
0.1871591913438249 0.0398460752326970 -90.0150854514201910 -1.6070638799448871 -0.7635351581145986 -0.2288126192991281 0.6108629334882870  1.8849534018772329 385.6125859237548600
0.1888315379651730 0.0380974067070086 -90.0151247710721240 -1.6458039077998421 -0.7379227057651024 -0.2301235652054277 0.6108628744352677  1.8849532464086303 385.4978521481731900
0.1905034144188422 0.0363489578977903 -90.0151639017662010 -1.6845282710045597 -0.7117222910451503 -0.2314409622870342 0.6108628174199384  1.8849530872376745 385.3824612882821200
0.1921748208536425 0.0346007341068038 -90.0152028436402110 -1.7232368764481256 -0.6849340346029387 -0.2327648446865453 0.6108627624885418  1.8849529243658694 385.2664101099567200
0.1938457574194214 0.0328527406346233 -90.0152415968324390 -1.7619296319711031 -0.6575580579742295 -0.2340952465137450 0.6108627096873095  1.8849527577947240 385.1496953620097100
0.1955162242670518 0.0311049827806250 -90.0152801614823090 -1.8006064463655722 -0.6295944835818803 -0.2354322018452466 0.6108626590624653  1.8849525875257573 385.0323137762061400
0.1971862215484277 0.0293574658429829 -90.0153185377302520 -1.8392672293751582 -0.6010434347353668 -0.2367757447241287 0.6108626106602215  1.8849524135604989 384.9142620672823800
0.1988557494164540 0.0276101951186566 -90.0153567257171830 -1.8779118916950595 -0.5719050356303094 -0.2381259091595688 0.6108625645267826  1.8849522359004851 384.7955369329610600
0.2005248080250361 0.0258631759033864 -90.0153947255851960 -1.9165403449720759 -0.5421794113479974 -0.2394827291264901 0.6108625207083411  1.8849520545472593 384.6761350539683200
0.2021933975290742 0.0241164134916860 -90.0154325374781190 -1.9551525018046325 -0.5118666878549169 -0.2408462385651955 0.6108624792510816  1.8849518695023761 384.5560530940522900
0.2038615180844541 0.0223699131768315 -90.0154701615399230 -1.9937482757427909 -0.4809669920022756 -0.2422164713810055 0.6108624402011776  1.8849516807673972 384.4352876999992100
0.2055291698480363 0.0206236802508545 -90.0155075979154160 -2.0323275812882757 -0.4494804515255268 -0.2435934614439028 0.6108624036047934  1.8849514883438925 384.3138355016516800
0.2071963529776516 0.0188777200045353 -90.0155448467503730 -2.0708903338944822 -0.4174071950438994 -0.2449772425881708 0.6108623695080825  1.8849512922334386 384.1916931119264400
0.2088630676320888 0.0171320377273937 -90.0155819081912370 -2.1094364499664913 -0.3847473520599219 -0.2463678486120285 0.6108623379571883  1.8849510924376229 384.0688571268316300
0.2105293139710890 0.0153866387076828 -90.0156187823857150 -2.1479658468610716 -0.3515010529589486 -0.2477653132772797 0.6108623089982442  1.8849508889580389 383.9453241254855700
0.2121950921553358 0.0136415282323796 -90.0156554694824540 -2.1864784428866955 -0.3176684290086875 -0.2491696703089476 0.6108622826773735  1.8849506817962878 383.8210906701346500
0.2138604023464449 0.0118967115871768 -90.0156919696305810 -2.2249741573035298 -0.2832496123587256 -0.2505809533949200 0.6108622590406889  1.8849504709539793 383.6961533061725600
0.2155252447069606 0.0101521940564771 -90.0157282829805040 -2.2634529103234331 -0.2482447360400566 -0.2519991961855878 0.6108622381342929  1.8849502564327312 383.5705085621577300
0.2171896194003422 0.0084079809233832 -90.0157644096838250 -2.3019146231099619 -0.2126539339646073 -0.2534244322934924 0.6108622200042769  1.8849500382341671 383.4441529498333200
0.2188535265909587 0.0066640774696897 -90.0158003498917760 -2.3403592177783632 -0.1764773409247653 -0.2548566952929606 0.6108622046967228  1.8849498163599185 383.3170829641457000
0.2205169664440783 0.0049204889758755 -90.0158361037567690 -2.3787866173955541 -0.1397150925929060 -0.2562960187197558 0.6108621922577009  1.8849495908116267 383.1892950832635200
0.2221799391258606 0.0031772207210988 -90.0158716714329470 -2.4171967459801218 -0.1023673255209204 -0.2577424360707121 0.6108621827332711  1.8849493615909383 383.0607857685974400
0.2238424448033485 0.0014342779831851 -90.0159070530745000 -2.4555895285022942 -0.0644341771397419 -0.2591959808033861 0.6108621761694826  1.8849491286995057 382.9315514648192200
0.2255044836444586 -0.0003083339613788 -90.0159422488367080 -2.4939648908839351 -0.0259157857588750 -0.2606566863356977 0.6108621726123734  1.8849488921389903 382.8015885998821700
0.2271660558179762 -0.0020506098374515 -90.0159772588760060 -2.5323227599985176 0.0131877094340779 -0.2621245860455753 0.6108621721079716  1.8849486519110601 382.6708935850401800
0.2288271614935406 -0.0037925443712474 -90.0160120833490250 -2.5706630636710912 0.0528761683738880 -0.2635997132705970 0.6108621747022932  1.8849484080173911 382.5394628148686700
0.2304880133844041 -0.0055334300227546 -90.0160469255027640 -2.6089218919222401 0.2041670256299001 -0.2655291652383971 0.6108621848038645  1.8849481604627110 382.4071807081870700
0.2321489075549299 -0.0072724536863762 -90.0160822409280290 -2.6471629313860294 0.3561350236883657 -0.2674594371434402 0.6108622068355433  1.8849479092517711 382.2739335796661600
0.2338098471993893 -0.0090096071930754 -90.0161180354987640 -2.6853865029351791 0.5086872588112146 -0.2693901815719125 0.6108622408433687  1.8849476543862527 382.1397211982597900
0.2354708096783673 -0.0107449081443967 -90.0161543093106790 -2.7235928764300654 0.6618234180569632 -0.2713214270968049 0.6108622868732826  1.8849473958678082 382.0045433205755200
0.2371317953205149 -0.0124783510601342 -90.0161911140691870 -2.7617823230206024 0.8155431877336300 -0.2732532014793675 0.6108623449712016  1.8849471336980670 381.8683996891121000
0.2387928302727054 -0.0142099050410130 -90.0162284270360260 -2.7999551142946530 0.9698462534063390 -0.2751855332657820 0.6108624151830190  1.8849468678786323 381.7312900323010500
0.2404539091035972 -0.0159395706630393 -90.0162662196857040 -2.8381115220760051 1.1247322996828832 -0.2771184500826829 0.6108624975546021  1.8849465984110796 381.5932140645285800
0.2421150120318291 -0.0176673626782234 -90.0163044921181240 -2.8762518205897347 1.2802010103103048 -0.2790519802469958 0.6108625921317940  1.8849463252969583 381.4541714861566700
0.2437761393652407 -0.0193932758315995 -90.0163432444648920 -2.9143762852299386 1.4362520682686639 -0.2809861512621795 0.6108626989604123  1.8849460485377929 381.3141619836918000
