0.0483882192968098 0.0317101254112353 359.9785467371247600 0.0000629997393054 0.1040829836350810 0.0001442266893534 0.6108656058589597  1.8849555914163134 399.9950736558969900
0.0640826048869048 0.0681347869700889 359.9410773087252000 0.0004585521049065 -0.0499937985018345 0.0058410444319954 0.6108656283260499  1.8849555928714135 399.9892397800949800
0.0733995921407002 0.1066338669596409 359.9315947033083500 0.0039580950573251 0.2112196645425628 0.0089263909000905 0.6108656361959223  1.8849555938987055 399.9862243869487200
0.0904051962264292 0.1283599846621840 359.9216333966991200 0.0096263416985811 0.2636165935633564 0.0136493276146867 0.6108656730464251  1.8849555947625112 399.9822224640858500
0.1208541522750292 0.1805092916030806 359.8889831218817800 0.0161586697387974 0.4781059843384096 0.0169517603480077 0.6108657376344578  1.8849555953808022 399.9805265837966900
0.1559426645343391 0.1867583623324797 359.8627104260983200 0.0242279769942513 0.5261417112366565 0.0211029545222564 0.6108658134189526  1.8849555958834632 399.9785667265794000
0.1775757528265313 0.2185294848080527 359.8388424382469600 0.0311302195669391 0.5655761071889709 0.0245866721816505 0.6108658947902131  1.8849555961274951 399.9777006820147000
0.1895008826505710 0.2685003433571712 359.7994548018929200 0.0382198711720422 0.6565100916866150 0.0271629903909637 0.6108659923247221  1.8849555958380695 399.9784114342184000
0.1751028554555405 0.2791894946553016 359.7661786031758300 0.0434183374279759 0.7541143453693630 0.0291777546029821 0.6108661057829071  1.8849555952356563 399.9800273650693000
0.2241951035857313 0.3130254574163049 359.7466249533285900 0.0474998588525164 0.8730624104020283 0.0309118117070905 0.6108662399709089  1.8849555941276683 399.9833292603906300
0.2661969099005549 0.3578005950662593 359.7153146131324800 0.0532568712062495 0.9926026819544246 0.0325686096854514 0.6108663945792646  1.8849555923569450 399.9882497775717000
0.2968456427682538 0.3897446768010444 359.6885798575804100 0.0586967837352297 0.9286510564376945 0.0340294363619800 0.6108665419374182  1.8849555905001514 399.9933697253098900
0.3795057291710992 0.4039162540065178 359.6604135879238700 0.0630550619085395 0.9509388480947331 0.0357098175060488 0.6108667006852844  1.8849555884978824 400.0006000097696400
0.4159084125316072 0.4293832651307288 359.6342156296571500 0.0669535569928440 0.8975667626814319 0.0370061779773036 0.6108668468402051  1.8849555865505354 400.0079974920298600
0.4167697391210933 0.4601703671380386 359.6129261329674600 0.0720778103013554 0.9316809381535329 0.0388017889891938 0.6108670059616620  1.8849555842389494 400.0161891460022600
0.4402469991884283 0.5056799768675510 359.5868655246387100 0.0782495872087597 0.9582621373240011 0.0405539971450852 0.6108671691640086  1.8849555817328989 400.0251189262933200
0.4726127565919153 0.5238070212897837 359.5362464724373700 0.0823788151294182 1.0791391894791440 0.0429425246929974 0.6108673597590619  1.8849555790545207 400.0360597431530300
0.4988788615961738 0.5349136804913611 359.5095462952433000 0.0893491533437858 0.9037382633214484 0.0433830630539056 0.6108674994674448  1.8849555768382884 400.0447261025396400
0.5207351678138625 0.5504117343823963 359.4899137411648600 0.0928000502893916 0.9103418082561210 0.0451808192898280 0.6108676557179570  1.8849555745547717 400.0547721337583800
0.5657202974126510 0.6192295312653070 359.4618485430372100 0.0969618066249909 1.0048258927207891 0.0478616864627411 0.6108678350484926  1.8849555716914697 400.0669672698176100
0.6244021740201478 0.6773778217350136 359.4380336220945100 0.1060794916549571 0.9734266942786235 0.0496259048148446 0.6108680007177917  1.8849555686053496 400.0792906682474400
0.6658779718056366 0.6987749184560934 359.3959288817239300 0.1140807750551140 1.0313800604498262 0.0522541902008235 0.6108681839369797  1.8849555653193881 400.0936212985769200
0.6801791680863802 0.7033436346020993 359.3800869876727100 0.1186628541769170 1.0087630458040713 0.0543850465831201 0.6108683575826234  1.8849555625909193 400.1074703276324300
0.7020837164004372 0.7044140512516219 359.3497907386159800 0.1207423844686648 0.9834153314395026 0.0563560423601969 0.6108685276576119  1.8849555600909427 400.1214541115193100
0.7301518459846016 0.7474761374790370 359.3074126113357900 0.1240575541336682 0.9628659883498631 0.0586459674010258 0.6108686955717906  1.8849555572659518 400.1357088058841200
0.7596972515696489 0.7723319002799856 359.2734099812786300 0.1289538649952843 0.9754052821134065 0.0611716134044806 0.6108688691483305  1.8849555541023475 400.1511309307634300
0.8096787422995340 0.8284786631739660 359.2283262949873700 0.1365221407873995 0.8724776436579573 0.0623501410612478 0.6108690180735831  1.8849555510468796 400.1652341303902700
0.8481624453661769 0.8574466727183159 359.1985379075277900 0.1443628534232539 0.8312949262505579 0.0644007831345258 0.6108691666415438  1.8849555478864002 400.1799174971627100
0.8862341630411794 0.8868161444301290 359.1821811576338100 0.1491875682245165 0.9088190761716355 0.0681907832772760 0.6108693388563600  1.8849555444430108 400.1975250323027900
0.9107191416696080 0.9148130811258103 359.1906566659139900 0.1552818890343157 0.8721491407275542 0.0704829169184225 0.6108694964487398  1.8849555413936667 400.2140944434308900
0.9207047422226810 0.9244850742127182 359.1716369935475700 0.1595813627277628 0.8750333173720868 0.0733170546369011 0.6108696583695028  1.8849555383660470 400.2312559772005300
0.9548713835305259 0.9381858398936315 359.1638446437895000 0.1637173152259261 0.8283043984226300 0.0753847785558309 0.6108698094878728  1.8849555356560457 400.2479528882901700
1.0206608916429500 0.9597685165155092 359.1457331122742300 0.1678528128885041 0.8002718587015183 0.0780193323966045 0.6108699592999315  1.8849555328651306 400.2654584825499500
1.0515783035741622 1.0080654247684020 359.1032456582098600 0.1740306205135700 0.7014274902017844 0.0796425227133375 0.6108700885863303  1.8849555301548238 400.2809684734303900
1.0936375274925418 1.0335495111669051 359.0992115937140200 0.1798089530275495 0.7039668013287677 0.0827207491729102 0.6108702280513926  1.8849555272640490 400.2984883607840100
1.1158245669863960 1.0728040007828228 359.0767092558384100 0.1841847008225433 0.7859658346496014 0.0872939438043910 0.6108703882438341  1.8849555239037052 400.3188982822381900
1.1589954155440529 1.1073544537511268 359.0342597001601300 0.1902430436965328 0.8283694593840987 0.0914445950839470 0.6108705527847843  1.8849555202369386 400.3404943992792400
1.1860981281230085 1.1570423278397366 359.0317511980019300 0.1977989581921186 0.8253287371064031 0.0948664539943756 0.6108707138239576  1.8849555165729588 400.3621042961604000
1.2123372276543314 1.1780045882144672 358.9858023723739400 0.2035524286591691 0.8556273582445442 0.0989481561076108 0.6108708834240921  1.8849555127869186 400.3853926137626300
1.2387566869742921 1.1939161615542788 358.9339774630410000 0.2086261067643101 0.8415864691453843 0.1023990472193978 0.6108710477225819  1.8849555091403343 400.4083252387009700
1.2678903944286257 1.2355826483028893 358.9219709101937500 0.2141845052644068 0.8149554736467543 0.1055185210209158 0.6108712072359472  1.8849555055094158 400.4311470355779600
1.3096033844184556 1.2444577308820486 358.9027160534734500 0.2197894649670987 0.7748930211242637 0.1084227792826838 0.6108713601935316  1.8849555020922322 400.4537360452121100
1.3153507596012965 1.3001332766961979 358.8608799113826000 0.2236532360725317 0.8413775916953424 0.1136418947871083 0.6108715338574763  1.8849554978921781 400.4794864328191600
1.3608285561481621 1.2995654106300170 358.8236575755728900 0.2285676707592966 0.8749332547789659 0.1183671059699807 0.6108717104213230  1.8849554936484976 400.5064717294022800
1.3970602244742647 1.2971061314880925 358.7971048362543900 0.2312939605215882 0.8287328831855184 0.1214247201182706 0.6108718741684180  1.8849554900527064 400.5320682143384400
1.4416045249194622 1.3219459498482971 358.7551612050380100 0.2338101984447069 0.8239651633719469 0.1253892664058876 0.6108720417268807  1.8849554860982749 400.5592338432907100
1.4813641193443594 1.3433931047724523 358.7375707195268400 0.2380832843488386 0.8111629275505323 0.1293698401911032 0.6108722078761606  1.8849554820238690 400.5867545090736100
1.5119172112675223 1.3282439949081719 358.7040100220268100 0.2420795049340335 0.7135742999217659 0.1312500525405056 0.6108723522088754  1.8849554787477065 400.6111926421988900
1.5412591408896015 1.3747726674698570 358.6864975199568400 0.2428643383353150 0.7858013186072033 0.1374112045833912 0.6108725238257539  1.8849554745176231 400.6407783212141600
1.5733182576927700 1.3931270052200022 358.6707603925613100 0.2479961057251177 0.7476834732740085 0.1409598080504787 0.6108726805970360  1.8849554705234610 400.6683418007168600
1.6166061096101720 1.4341933040807244 358.6551397873116700 0.2523501891631728 0.7414423506616544 0.1453545816941617 0.6108728402981063  1.8849554663672199 400.6971939907130600
1.6320343378967055 1.4854973363556929 358.6360359468674200 0.2609202181866900 0.6801403028573264 0.1483488376651380 0.6108729863800608  1.8849554622399818 400.7238573177758100
1.6592790351509521 1.4905808696014364 358.6100060237281500 0.2670161779251862 0.6758470818702025 0.1529652928720381 0.6108731372706481  1.8849554581758312 400.7518057130786200
1.6601392642418418 1.5314804910474069 358.5999319904287900 0.2710387896730663 0.7247022091510909 0.1590669707200759 0.6108733010098371  1.8849554537121340 400.7821875578090400
1.6889655653749180 1.5749312729556224 358.5781013017494800 0.2768821927877629 0.7596362508458245 0.1649660909999019 0.6108734694793716  1.8849554488399716 400.8139442953747700
1.7136454322631067 1.5860196720594688 358.5568796179623000 0.2839136171982401 0.7195222451826903 0.1686041206898324 0.6108736254814238  1.8849554444647154 400.8438255636088500
1.7329266459225297 1.6167696059749406 358.5399438781466300 0.2886280960325119 0.7275851274772978 0.1737570751698673 0.6108737878849481  1.8849554399423718 400.8752932408016800
1.7323562899414393 1.6610937944914721 358.5200191376451400 0.2942881280510631 0.7528795041556033 0.1795733453577842 0.6108739561510581  1.8849554350088082 400.9078804440590600
1.7443638438596178 1.6791477228771337 358.4949878558069300 0.3021514575293881 0.6939155487258378 0.1828395979785951 0.6108741079098226  1.8849554306111367 400.9374657257504900
1.7567135298191090 1.7137416308325388 358.5135445027744900 0.3085846055937779 0.6651834993701994 0.1871674184236209 0.6108742580227442  1.8849554263898494 400.9669513239460900
1.7997210867322935 1.7523553547362356 358.4680281812232500 0.3158842932285432 0.6206388368980921 0.1910834809247716 0.6108744007667991  1.8849554222621518 400.9956723411643200
1.8302048368237660 1.8013838836058695 358.4450420822058200 0.3224796926935354 0.6262566124805404 0.1965774679150570 0.6108745497636119  1.8849554178294701 401.0261051316332400
1.8648119487944470 1.8361468041236839 358.4211501805695000 0.3282848517086836 0.6760585160470320 0.2036772510185006 0.6108747114787312  1.8849554129127757 401.0596707958358700
1.8622032534056852 1.9042817645478789 358.3832979678123800 0.3392316201576104 0.6095181365448724 0.2072763880770992 0.6108748524462832  1.8849554083120157 401.0889016990649300
1.9155723801194569 1.9364022514650447 358.3616761206244500 0.3467916603138168 0.6384066694704860 0.2140686176362134 0.6108750074635005  1.8849554033555116 401.1218226648838900
1.9627735430303752 1.9680941289026308 358.3551926301674900 0.3567984510258084 0.6038172606533957 0.2189619400783841 0.6108751529167418  1.8849553987168668 401.1534298537372400
1.9957642602563199 1.9943139061583430 358.2880626672719000 0.3628348303968444 0.6139639772514685 0.2257152539678488 0.6108753049711209  1.8849553939698849 401.1868880282496000
2.0091780699137272 2.0069038585790255 358.2551485833166700 0.3684731933987346 0.6157803440596712 0.2323678711913552 0.6108754573427322  1.8849553892350857 401.2206266812307800
2.0322456028808324 2.0381002189611577 358.2146132620092100 0.3725933167874149 0.6145923378558480 0.2391295230787245 0.6108756097127381  1.8849553844983371 401.2546244602912100
2.0518801653038468 2.0911043611782221 358.1809053983076300 0.3788445498681923 0.6018833978803251 0.2454096799459038 0.6108757596903873  1.8849553795918557 401.2885410371426400
2.0832156491142078 2.0916539069571121 358.1400487233956400 0.3855517623609132 0.5893173783851504 0.2517970150856544 0.6108759084446639  1.8849553747334122 401.3225840802674000
2.0915280892102266 2.0905823945593456 358.1112706257196100 0.3876672012448005 0.6062703775480871 0.2594378579383170 0.6108760631516704  1.8849553699537835 401.3581273483307000
2.1232712881809759 2.0856040189838576 358.0944820536858500 0.3877040046278767 0.6359793711969990 0.2675995644494505 0.6108762242806270  1.8849553650536621 401.3958052373122900
2.1376837440339100 2.1153952287910598 358.0569399548753600 0.3906319311846927 0.6057709097186180 0.2735221330328057 0.6108763757960833  1.8849553602036928 401.4315686182232500
2.1843551337325264 2.1467372496889237 358.0595790315874200 0.3939758969930391 0.6305525534862297 0.2816407573163452 0.6108765373406012  1.8849553547808380 401.4704378426649200
2.2190720122950527 2.1708403741482596 358.0280360372529500 0.3972758558716011 0.6660293979083889 0.2901547647726873 0.6108767064289838  1.8849553489730757 401.5118485220773400
2.2536245754037156 2.2189850797965534 358.0078466833408600 0.4063101490239184 0.5799194381532922 0.2941906234745049 0.6108768520563505  1.8849553438903279 401.5479160384245500
2.5829155816718714 1.8556433479851089 348.9787417639674300 0.2316293320776892 0.6913173473151403 0.3112756275808643 0.6108770344587146  1.8849553176761402 401.5985073743641500
2.8957754464994574 1.4427888741001913 339.9485605800297800 0.1023185284360846 0.5738929404597564 0.3173707433759951 0.6108771818793639  1.8849552708657564 401.6462156169291100
3.1170957012606788 0.9956128294828297 330.9026870374334000 -0.0519499829608202 0.5184932551045938 0.3263832200269057 0.6108773300813619  1.8849551905308459 401.7020210847988400
3.2434205794147606 0.5242096255157119 321.8628341575590600 -0.1561598203454912 0.3845884958257053 0.3307935093005135 0.6108774552750336  1.8849550929363523 401.7557623230320000
3.2881288288772863 0.0517105930090532 312.8286480242248900 -0.3814932323137144 0.3742069274808541 0.3448552466123883 0.6108775934996079  1.8849549362255074 401.8257875419065500
3.2669016730377196 -0.4481489727819739 303.7889692225157900 -0.4070923927421496 0.1877246867896854 0.3460580860013206 0.6108776902978375  1.8849547903116346 401.8825163379874500
3.1795866847787719 -0.9554867838521519 294.7083172993420700 -0.5240444144319985 0.0559266766427754 0.3532999376946882 0.6108777742234069  1.8849546075836205 401.9447848161327700
3.0107609112431790 -1.4443618119844623 285.6736556714195100 -0.4957921124726616 -0.1285125060285280 0.3543953152868173 0.6108778263709167  1.8849544398091709 401.9952812872843400
2.7541947257881771 -1.8827540512142240 276.6719081210975400 -0.5384849734714176 -0.2883587278285859 0.3598615372409482 0.6108778566872436  1.8849542510477937 402.0451580651939000
2.4446898189476034 -2.2617891241665142 267.6380805452260500 -0.5512563421585210 -0.4492022062550529 0.3650217944442432 0.6108778614152265  1.8849540575624699 402.0898629481031300
2.4734948253894622 -2.2337350231638533 267.6110066947386500 -0.5624640876223147 -0.4438313167223706 0.3753847455837767 0.6108778526773897  1.8849538618110460 402.1329427400576700
2.4989090057301517 -2.2256737723228950 267.5677776168004700 -0.6552401584777869 -0.4420653574206162 0.3880605710662721 0.6108778430049777  1.8849536407929426 402.1828453652976200
2.5176941251015443 -2.2225826946191716 267.5321789986564900 -0.5303606742276792 -0.4381608224291421 0.3909987441216704 0.6108778351426034  1.8849534648856852 402.2231252982654200
2.5507853541090451 -2.1930630865519789 267.4961530332371900 -0.5371559800838208 -0.4377645825137523 0.3990036730361722 0.6108778265237002  1.8849532721444471 402.2682495942628400
2.5961410230808886 -2.1719895173113315 267.4736279682699100 -0.5414443326957069 -0.4370799724442235 0.4065150600159229 0.6108778177992010  1.8849530761808098 402.3152724682988700
2.6284027969184902 -2.1466198748203826 267.4481879173567300 -0.4743019033682341 -0.4325756248885407 0.4108668161973320 0.6108778095354925  1.8849528983233799 402.3585415850208200
2.6452563216363330 -2.1160637021575495 267.4016337516457600 -0.4788586032312774 -0.4307369889946290 0.4183327936855644 0.6108778008586295  1.8849527106210842 402.4046163876544100
2.7147239953736784 -2.0927507926212807 267.3792432345721900 -0.4110791432305450 -0.4241004480266649 0.4225400845508618 0.6108777926771971  1.8849525420138618 402.4471640731520700
2.7340467274677658 -2.0524136805758744 267.3370656664818600 -0.4370298453981489 -0.4207391538458463 0.4309571603798739 0.6108777838215100  1.8849523562972563 402.4944941043624500
2.7556842653046103 -2.0210036433061309 267.2973257208762400 -0.4780801372153540 -0.4164580425407897 0.4402359884318147 0.6108777743851185  1.8849521603987676 402.5446875761948600
2.7712866637390015 -1.9935393269850696 267.2605111549966100 -0.3835630246339341 -0.4073969622285327 0.4428214291205543 0.6108777660992187  1.8849519965438448 402.5872240665633500
2.8055299455213900 -1.9918593925764698 267.2214769592315500 -0.4051504002131600 -0.4051003998078949 0.4509999781129587 0.6108777573782424  1.8849518150343192 402.6348344294757500
2.8423826585455916 -1.9754993357347399 267.2063368831414900 -0.4914921891222677 -0.4062659907769115 0.4623291103785501 0.6108777477325641  1.8849516090903542 402.6894856795123000
2.8486116966272279 -1.9688826784524254 267.1980859977630300 -0.5263836318469429 -0.4052247389946806 0.4711705184074555 0.6108777379246115  1.8849514008380119 402.7447917183593500
2.8864479646626791 -1.9445617271466555 267.1911457779373800 -0.4431312914355530 -0.3991279779391852 0.4741747321825889 0.6108777290793707  1.8849512206126284 402.7933922094504700
2.9268520785109033 -1.9167455655642802 267.1678033148062900 -0.4040808793675447 -0.3933530724212811 0.4793841298849399 0.6108777202101375  1.8849510416472570 402.8423858065207200
2.9706060086437600 -1.8983741326618591 267.1280338341289800 -0.4804396643635827 -0.3934145987641634 0.4904256816809416 0.6108777102329349  1.8849508335977914 402.9001187369473800
3.0219774497674523 -1.8676323217498265 267.1086990386056100 -0.4361448760637106 -0.3871293220260159 0.4956486840516823 0.6108777008305648  1.8849506452265108 402.9531602874974400
3.0615372590843730 -1.8617509616090724 267.0822574806339300 -0.3215513122398604 -0.3773589045581786 0.4973325782745909 0.6108776924741711  1.8849504845378589 402.9989795399426400
3.0591404826845712 -1.8574183810836695 267.0648240477640300 -0.3515454691092042 -0.3773822780945607 0.5065322362749287 0.6108776836199857  1.8849503018510878 403.0511128717443500
3.0723660064650540 -1.8151607051681793 267.0300073184420700 -0.3891787159807724 -0.3766561117660880 0.5160970588621754 0.6108776740968183  1.8849501104774284 403.1060200837323500
3.0890743649489063 -1.7754658064607050 266.9799330662097500 -0.4073037750646662 -0.3715888954834236 0.5248296352549385 0.6108776641069236  1.8849499173965789 403.1615970896299900
3.1230295075078369 -1.7656719093337765 266.9382546916071400 -0.4259665963559448 -0.3683455709281834 0.5335620078624731 0.6108776540483504  1.8849497197034435 403.2191431130899000
3.1423855941744652 -1.7387605729016957 266.9140950226027400 -0.3537306756252705 -0.3609223378679628 0.5373054634470612 0.6108776448075988  1.8849495442939610 403.2706977902225300
3.1852348994444726 -1.7030475085211929 266.8700943170679800 -0.3639133736274217 -0.3558898265427841 0.5456239513560482 0.6108776348678884  1.8849493567876745 403.3263962582161100
3.2187172327463243 -1.6742892285135846 266.8426056231057800 -0.3535604449480396 -0.3497038075183091 0.5530514043295092 0.6108776250293958  1.8849491720719733 403.3817646458590500
3.2483431503543101 -1.6719036472856039 266.8328601925429100 -0.4026338888114777 -0.3481358034814015 0.5635220433611209 0.6108776146294365  1.8849489702263365 403.4429726062728600
3.2557892895746137 -1.6567835478385631 266.7994843319734700 -0.4662904865302667 -0.3494599292545472 0.5749341063636565 0.6108776036229203  1.8849487539715415 403.5085632088642500
3.2549270472751557 -1.6269739684444937 266.7619897874087700 -0.3771635111818733 -0.3421698595008211 0.5776856645453005 0.6108775938839083  1.8849485713381937 403.5641165555539400
3.2649917222031299 -1.5887670213830380 266.7141185603828700 -0.3704521633027628 -0.3365266368019202 0.5851098772130675 0.6108775835189554  1.8849483808500893 403.6222343995077600
3.2879337015894561 -1.5395769021353818 266.7033170817466600 -0.3272069786899394 -0.3273071415848374 0.5904284764547334 0.6108775734931239  1.8849482018969914 403.6773065435585900
3.3219757870077520 -1.5051152726791304 266.6564784987332900 -0.2918614013062834 -0.3181462522502292 0.5962111863057650 0.6108775636494351  1.8849480276899517 403.7315466586968000
3.3465087763233745 -1.4631736714553456 266.6242992193118100 -0.3698938838665288 -0.3148548578857294 0.6081860021710861 0.6108775523899342  1.8849478250233629 403.7951285757209200
3.3862859756464241 -1.4292907998089621 266.6018431878938500 -0.3831728485267282 -0.3086687560778877 0.6164885837615974 0.6108775412909631  1.8849476256845739 403.8583635008187100
3.3844651355296840 -1.4208776408851318 266.5682303328197200 -0.2984991923698853 -0.2986769060855933 0.6191475915403857 0.6108775315382006  1.8849474524399585 403.9134132691201600
3.4137464382279070 -1.3973551893791687 266.5385244714507800 -0.3025217136836008 -0.2935865812033580 0.6269865515444368 0.6108775212067242  1.8849472681377093 403.9724598104262400
3.4432435877584888 -1.3481374963844694 266.5172984586790800 -0.3056401472665393 -0.2888381961929482 0.6345286336523247 0.6108775107526194  1.8849470823009240 404.0326556263427200
3.4879304182510835 -1.3069826847483148 266.5023099539558900 -0.1828191583174283 -0.2744297828876738 0.6349904908306699 0.6108775017945197  1.8849469323049441 404.0818835164378700
3.5116384827436358 -1.2932003473530209 266.4790099913756800 -0.2739910875211655 -0.2741773496961514 0.6482727567737729 0.6108774910470280  1.8849467400676982 404.1451576084821800
3.5277058879356176 -1.2705902353277452 266.4187404759621200 -0.2886908711226133 -0.2705030988563134 0.6570511092507099 0.6108774804062881  1.8849465524920002 404.2071643588216100
3.5498112643433681 -1.2525833288366810 266.4196491078124600 -0.3083454007034529 -0.2665223151284487 0.6661017962968300 0.6108774695000704  1.8849463598318832 404.2713020726483300
3.5585773546665771 -1.2302060704099245 266.4015742276117700 -0.2881136268481977 -0.2617668491289477 0.6727429867711710 0.6108774590800506  1.8849461749583711 404.3330113530120100
3.6018345845124973 -1.2068361204128497 266.3782120717457400 -0.2871333188152538 -0.2575024406930922 0.6808022208735634 0.6108774484256199  1.8849459871636773 404.3963591810437500
3.6291195647583701 -1.1689752717549329 266.3636196641020300 -0.2909808962832279 -0.2524021474397404 0.6893322717062025 0.6108774375041427  1.8849457966880772 404.4609930167114800
3.6476135164602730 -1.1670439234409442 266.3211903935669500 -0.2563449635809972 -0.2458837582533435 0.6953442542150566 0.6108774271257109  1.8849456158188684 404.5228552234797200
3.6784422338768006 -1.1618573544722031 266.2808135989039300 -0.1964570192785723 -0.2396014072321700 0.6999628513756255 0.6108774174762646  1.8849454486886932 404.5804365986526800
3.7116021108779655 -1.1585602889180140 266.2535420174889400 -0.2102231354162838 -0.2383277323267463 0.7093556188943129 0.6108774072347898  1.8849452691975570 404.6428189642857100
3.7326500897840211 -1.1334326409285784 266.2088689000617600 -0.1949197049776392 -0.2350043274061504 0.7171305913275287 0.6108773971022925  1.8849450950766218 404.7036120344050700
3.7470669042883191 -1.1078994632328361 266.1832213189134700 -0.1789803500930731 -0.2301346657852443 0.7247984578661800 0.6108773868987866  1.8849449230111681 404.7639613805491200
3.7830119439875403 -1.0855887696293294 266.1351528918239600 -0.2101278480272324 -0.2286453660721024 0.7354833751901078 0.6108773760139882  1.8849447383064084 404.8293659885694100
3.7980322038136407 -1.0812062801677178 266.1211187734124900 -0.1468495428306945 -0.2216812096710022 0.7403911247402928 0.6108773662866299  1.8849445755195513 404.8871504488510600
3.8345335565481808 -1.0661283845657406 266.0840884716402000 -0.2494576902811225 -0.2254736067526685 0.7559881600726115 0.6108773544141759  1.8849443738573275 404.9593960588725800
3.8623081013761293 -1.0288391946609798 266.0272525338013500 -0.2449152290071774 -0.2217086888829258 0.7649767108787733 0.6108773428124278  1.8849441833691176 405.0279325468733900
3.8656547287606364 -0.9981190844034322 266.0117953849692200 -0.2322309508488759 -0.2162277538236043 0.7734661630467472 0.6108773312672530  1.8849439954203935 405.0955647887258200
3.9027119193713253 -0.9673717503931606 265.9885612536028800 -0.3175033948515389 -0.2160264672325880 0.7884762555781377 0.6108773180947298  1.8849437798007518 405.1738851495271700
3.9205845496423288 -0.9541196972970445 265.9518678102856500 -0.1850702655028463 -0.2019243075939000 0.7888417665098599 0.6108773075375945  1.8849436122992884 405.2351338015059800
3.9252656490807993 -0.9093851158765457 265.9157333084298200 -0.1980450878152163 -0.1976532106654598 0.7990197492923592 0.6108772958410573  1.8849434258618540 405.3034364299245500
3.9506429648142363 -0.8766188268429349 265.8596539437870700 -0.1957114718009628 -0.1919645732329618 0.8081385151332272 0.6108772840965892  1.8849432407900073 405.3716849518122000
3.9889000024844781 -0.8335965791229737 265.8417823611386000 -0.2015500974390195 -0.1853917938155749 0.8180164263344161 0.6108772720028638  1.8849430523648834 405.4417674583342000
4.0209336208166988 -0.8292987092544422 265.7859187717332400 -0.1721333872492168 -0.1772319941350837 0.8255205427886848 0.6108772604246940  1.8849428721466384 405.5093263667961300
3.9013802603357806 -1.4319549584854123 256.7210777346333000 -0.1959517837416382 -0.3422725004776190 0.8363107881731233 0.6108772353107929  1.8849426811416536 405.5811171548457400
3.6444948749488568 -2.0227516500898273 247.6785480789577900 -0.1757902724110612 -0.5059234094993675 0.8452538450823369 0.6108771852595953  1.8849424971425877 405.6486520053811700
3.3288379633264973 -2.5702280389500634 238.6468857025244300 -0.1273300324774546 -0.6706065968299633 0.8536745115409549 0.6108771085449247  1.8849423183459455 405.7128360736596700
2.9214033313958256 -3.0389815190835066 229.6065500584753900 -0.0127173990694752 -0.8000744386166617 0.8591815997584575 0.6108770113323777  1.8849421590268327 405.7682776987524000
2.4236110465104801 -3.4551072062039521 220.6044493802861800 0.1639558298334798 -0.8631561815764637 0.8624814465666113 0.6108769053484271  1.8849420317244772 405.8102738443593000
1.9008332424895855 -3.7419586681746448 211.6075760645016100 0.3177508169901259 -0.9316337428921619 0.8684026096998158 0.6108767825285792  1.8849419264661733 405.8432046830353700
1.3302172073914478 -3.9561787673332147 202.6153802791714600 0.4677562754295298 -0.9783343385952135 0.8755887639667112 0.6108766479582390  1.8849418474024180 405.8658550109853400
0.7192926388445639 -4.0755696560748689 193.6048166694693300 0.6073379846192742 -1.0420246088354879 0.8836068934706125 0.6108764959523291  1.8849417931028731 405.8789701474264600
0.0933219849815778 -4.0865293058915881 184.5838602896725100 0.7544473174200614 -1.0534133207180449 0.8914540993233792 0.6108763414791609  1.8849417689951522 405.8809404232488900
-0.5109896233863263 -4.0108608882117265 175.5758015216005700 0.8983124398463392 -1.0189508309366118 0.8997649729491586 0.6108761917822839  1.8849417740607457 405.8728467720633800
-0.4887064769554622 -4.0051019589747012 175.5426794509963900 0.8864808572865107 -0.9224943680537984 0.9158775028917507 0.6108760654921487  1.8849417914930240 405.8630350596852700
-0.4476795593090714 -3.9632543548289965 175.5100715928266800 0.8814289386488455 -0.8872214250550142 0.9276827245059209 0.6108759385922113  1.8849418090505536 405.8557486459845300
-0.4197421144975295 -3.9441629673547709 175.4874100682935100 0.8813225527275930 -0.9306544781888267 0.9361123300346396 0.6108757964859688  1.8849418281936330 405.8495491218835700
-0.3924530443008960 -3.9121912452241494 175.4397563756238900 0.8843209520139469 -1.0096466279488971 0.9424466219621474 0.6108756370925336  1.8849418491580461 405.8439932061605800
-0.3603527132305670 -3.9012056423707442 175.4391350997707400 0.8857925483100458 -1.0599669067431789 0.9477313540342203 0.6108754704483916  1.8849418707952921 405.8394378587804600
-0.3547844705862210 -3.8547701662191152 175.4153746111472000 0.8726909684301648 -0.9365102456015717 0.9535875096430080 0.6108753374839295  1.8849418895790300 405.8365294667521500
-0.3266505880599948 -3.8306288804983240 175.3585582965747800 0.8726810964151690 -0.9999065785197030 0.9577828120513096 0.6108751772689716  1.8849419112656720 405.8333443999000600
-0.3207629719473384 -3.7978435605417360 175.3034425684765800 0.8625259069493003 -0.9206797272913538 0.9626083952205746 0.6108750415714226  1.8849419305899369 405.8311727076393800
-0.2931492256406447 -3.7985816134097785 175.2713620426559900 0.8614456709784314 -0.9554118036356583 0.9664319452175204 0.6108748896755452  1.8849419515868406 405.8291378694494800
-0.2630741539893596 -3.7638944781281873 175.2508855015316800 0.8633428801015262 -1.0234460351367665 0.9700003922923091 0.6108747234566446  1.8849419741403679 405.8272089823158800
-0.2202983549671395 -3.7274073996453021 175.2304289483176400 0.8567977879793541 -1.0019358605495405 0.9739178190023090 0.6108745675341928  1.8849419957337006 405.8263377746519000
-0.1486551007469638 -3.7178994315916980 175.2207351700154200 0.8528370017916493 -1.0112485860136640 0.9775719603626341 0.6108744055912116  1.8849420178215202 405.8267250584766000
-0.1499177243864063 -3.6878411360235273 175.1577307199203500 0.8491524676591935 -0.9976103920456817 0.9810035720459635 0.6108742466956911  1.8849420395802832 405.8272583516238100
-0.1453377385455521 -3.6734973972574791 175.1412286676310000 0.8409560338631343 -0.9486606209971087 0.9847119335476913 0.6108740985537444  1.8849420603873817 405.8280083038719100
-0.1058219093358394 -3.6280756534547902 175.0982303727021800 0.8301413339431903 -0.8709269268182014 0.9882350019888295 0.6108739645086070  1.8849420798898635 405.8296179464637100
-0.0598280706006715 -3.5703118073606070 175.0654092964742600 0.8190339311215670 -0.8314467959847866 0.9916021102994236 0.6108738320427052  1.8849420996685922 405.8319396901851000
-0.0068012911959946 -3.5056747163566175 175.0610307004375000 0.8038777206979536 -0.7714306698636754 0.9948109412772811 0.6108737096237111  1.8849421185123942 405.8351301234742400
0.0403216182163608 -3.4489560004056927 175.0111263063077200 0.8030204697715204 -0.8854154981389131 0.9969560300804214 0.6108735520464702  1.8849421411804297 405.8397690944762500
0.0284326433525767 -3.4413514863516408 174.9987518216645100 0.7915575413389935 -0.8498603233734491 0.9989350284329537 0.6108734130847491  1.8849421614899622 405.8441633783901400
0.0657976092899322 -3.4089873894785083 174.9583440132481700 0.7875084810149138 -0.8727118581082299 1.0004520134248458 0.6108732643633769  1.8849421827617112 405.8494491239342800
0.1139485729898079 -3.3894100241938361 174.9417221991952000 0.7860062443152148 -0.9215294239736772 1.0017440728779483 0.6108731045999279  1.8849422052639873 405.8557657993474100
0.1482619685371250 -3.3669277628956373 174.9319488057286900 0.7815515193145441 -0.9262406362297837 1.0026265130744225 0.6108729468780199  1.8849422273988516 405.8628323752170700
0.1589728819221117 -3.3255843582557736 174.8865306606903100 0.7733703444629141 -0.8997944092728086 1.0036506090299855 0.6108727957179476  1.8849422490859613 405.8698408524080000
0.1966868773749846 -3.3319672994536527 174.8605060713623200 0.7700633774630596 -0.9090000216427993 1.0044183051518005 0.6108726389167859  1.8849422711215829 405.8777486661665500
0.2213686016292306 -3.3397064865401620 174.8155060898968700 0.7672160534271081 -0.8926058550567112 1.0051846537828391 0.6108724860390713  1.8849422926339938 405.8859630426743500
0.2420926869172450 -3.3014775109692218 174.7723984920878600 0.7653025002998601 -0.8811063774945889 1.0058100579742804 0.6108723334805705  1.8849423143412449 405.8945664136678600
0.2589306309888413 -3.2960822062043804 174.7523056272490900 0.7650190135428604 -0.9222667219992299 1.0067348658633779 0.6108721695363910  1.8849423375331145 405.9037630588758200
0.2886339282055769 -3.2858819577682343 174.7178016834234600 0.7571926595637220 -0.8625272291674387 1.0073539343383366 0.6108720229811399  1.8849423587185967 405.9128115411925800
0.3006835821730078 -3.2735264931805017 174.6893123301150000 0.7580700793272082 -0.8866870565586891 1.0083090250177904 0.6108718646695012  1.8849423812959694 405.9224259963619400
0.3488722430451237 -3.2248596167845287 174.6567192702607400 0.7560562423008730 -0.8977242755645243 1.0093606616282806 0.6108717046981159  1.8849424043629632 405.9328364769317500
0.3641849401621377 -3.2278112901886122 174.6325450130360100 0.7517763358096800 -0.9083611136314144 1.0103069269826515 0.6108715421536453  1.8849424278135289 405.9437570042332500
0.3946396339979341 -3.1973002167115556 174.6011955345783000 0.7477977018066961 -0.9000299161003874 1.0109743050145035 0.6108713817334249  1.8849424510418236 405.9551519582963100
0.4077411812943680 -3.1815157862285051 174.5878425910644300 0.7488875388584708 -0.9465312372281547 1.0119205944048448 0.6108712087062225  1.8849424757136373 405.9673973747802100
0.4335617986609801 -3.1418313129125006 174.5569273206044400 0.7420949805912084 -0.9175257240598320 1.0124060160929191 0.6108710461606153  1.8849424993268413 405.9795720264211800
0.4618429570782381 -3.1449630259579000 174.5417915543281400 0.7356767929560959 -0.8963286153944705 1.0129250971072554 0.6108708852596519  1.8849425226915106 405.9921455880225900
0.4875031091925314 -3.1290737453632684 174.5109891718997500 0.7247836401178072 -0.8190652707416104 1.0130921453616493 0.6108707410789029  1.8849425441574539 406.0041606223713300
0.5015264701149231 -3.0769378847908810 174.5203083598725300 0.7237774646156917 -0.8543667002592895 1.0138065676415648 0.6108705805703243  1.8849425677009577 406.0175350983705600
0.5456655369057921 -3.0724854309994125 174.5018352379814200 0.7192709163491903 -0.8540857498848713 1.0142977803972175 0.6108704224397649  1.8849425908085584 406.0315162958358400
0.5810848808657586 -3.0460382642755772 174.4568113867983400 0.7164030218055905 -0.8657284575892410 1.0148560348889402 0.6108702599201026  1.8849426146121573 406.0463866568726400
0.5984741586579390 -3.0141298673770187 174.4119208046490700 0.7080575025820074 -0.8229488257258398 1.0147061373669726 0.6108701084734197  1.8849426372405529 406.0608688053401900
0.6197871106437816 -2.9711798781122947 174.3766074389548100 0.7041497816763134 -0.8468378305897395 1.0154180902911831 0.6108699465088873  1.8849426614387601 406.0763506483612600
0.6326536421014314 -2.9540581937098280 174.3359205943693600 0.6944961165201269 -0.8124916545851187 1.0154161547686222 0.6108697946264067  1.8849426844496069 406.0913822721944900
0.6237477897438114 -2.9338087290386863 174.2791092466571300 0.6845947486233189 -0.7480623334625521 1.0148645900721520 0.6108696559778603  1.8849427057218313 406.1054211615529000
0.6509475993253562 -2.9209217497894819 174.2681393074821900 0.6838729225886799 -0.7794608755203754 1.0152294471020809 0.6108695029428000  1.8849427288055502 406.1210293275339000
0.6837742074080440 -2.9173009305149340 174.2218119033835300 0.6862173043038202 -0.8262517131693864 1.0156833044239464 0.6108693403965081  1.8849427530341540 406.1379750305894700
0.6829812867687178 -2.8927831959867438 174.2165073806961300 0.6867946973990542 -0.8583878298059517 1.0158474354611202 0.6108691739144596  1.8849427778437724 406.1552398041184800
0.7112845841154417 -2.8784334780902570 174.1881305489290800 0.6866976193475816 -0.8929923505011905 1.0162326639575623 0.6108690010597930  1.8849428035489619 406.1734338847662100
0.7393826045347747 -2.8369130629630441 174.1451638810963200 0.6670958583695383 -0.7410636101998483 1.0144182105393376 0.6108688682989865  1.8849428244914901 406.1887439089607600
0.7708073648188585 -2.8100480665251180 174.1048819048508600 0.6602618235978540 -0.7263627995970546 1.0141902620218650 0.6108687245693572  1.8849428469605789 406.2055404440357600
0.8273037307475952 -2.7543906565141172 174.0963081612604500 0.6579758957819466 -0.7723674792121633 1.0147124562050929 0.6108685668351992  1.8849428713927954 406.2245224977010600
0.8493737407931296 -2.7413704681911137 174.0732674366986400 0.6518341377945196 -0.7765688876225668 1.0147667527172630 0.6108684110051410  1.8849428954702996 406.2436841439987900
0.8908425248172426 -2.7256966529199822 174.0487745602567000 0.6415429274758548 -0.7274556347752538 1.0138574048329834 0.6108682667499665  1.8849429179748511 406.2624734080060300
0.9179095732421917 -2.6734368098680275 174.0293074471935600 0.6375435879539633 -0.7459045375295667 1.0138160393956461 0.6108681124231642  1.8849429419288100 406.2827274211858300
0.9704400800255083 -2.6391159609939274 173.9868188420601600 0.6301402683739752 -0.7274076581793952 1.0132257616038063 0.6108679633514187  1.8849429651932819 406.3033232897155900
1.0032397648986473 -2.6256370285809969 173.9454084305118300 0.6270880980202188 -0.7660758406016466 1.0135666065881990 0.6108678018221565  1.8849429902488719 406.3258785635341000
1.0368096823170458 -2.5776297440675173 173.9353403824638600 0.6209801597302082 -0.7691246313122435 1.0130338541950779 0.6108676416988615  1.8849430151386233 406.3489995934154400
1.0597524633810551 -2.5555586846548417 173.9246903357299300 0.6112772425794788 -0.7373643928464833 1.0121068699897400 0.6108674890155998  1.8849430389623953 406.3715055273580700
1.0923004210317517 -2.5259792422318563 173.9018862614698300 0.6060032388878501 -0.7426032923800814 1.0116960122161600 0.6108673313111619  1.8849430634508260 406.3952462268983900
1.1074474109829664 -2.4966378098385373 173.9086013008303800 0.5929309801643328 -0.6819101115609145 1.0102672162326729 0.6108671884405003  1.8849430860123215 406.4172891151218300
1.1420260112770693 -2.4673022469329440 173.8925368306041400 0.5922591086590006 -0.7279904952099930 1.0105032480257723 0.6108670280692045  1.8849431108575319 406.4422736364167000
0.7704506175293365 -2.6122755729928833 164.8812022365463300 0.7517342803013797 -0.7216659507335870 1.0050966456842549 0.6108668683725056  1.8849431516366206 406.4633254675796400
0.3857249269480684 -2.6823847176741764 155.8644453085718700 0.9135708295067728 -0.6901997499543313 1.0008808018500475 0.6108667117022186  1.8849432241437554 406.4768246276807400
-0.0223082613295946 -2.7059947676335177 146.8418146769301100 1.0515917672457473 -0.5990978322108493 0.9975293759964610 0.6108665687836421  1.8849433229154824 406.4821165505146600
-0.3984606486522853 -2.6447660571086002 137.8229765830989200 1.1524297751564181 -0.4623851446164099 0.9956196022794774 0.6108664457623260  1.8849434413929498 406.4802976865115600
-0.7778644775564376 -2.5263471135270827 128.7909000339583700 1.1818043007382220 -0.2796240606612498 0.9961133445390532 0.6108663518024302  1.8849435637461072 406.4728902142053400
-1.1505336206668577 -2.3270251042512857 119.7602787950556800 1.2836887791284060 -0.1645648558664644 0.9949903416907551 0.6108662682418455  1.8849437182590758 406.4578572007318900
-1.4894250365959616 -2.1031452220223885 110.7352317485678700 1.3671498572505330 -0.0401536570194672 0.9941833417549765 0.6108662040498215  1.8849438919630856 406.4362052048447800
-1.7840284934123658 -1.8068185456297134 101.7139013952763200 1.4660824393461149 0.0883617450814219 0.9918680139788334 0.6108661601169729  1.8849440914008968 406.4069771478520500
-2.0399871148239712 -1.4844856656490502 92.6735470658076390 1.4520446510849994 0.2402127103057744 0.9929552640508960 0.6108661422668862  1.8849442807097769 406.3759209468066200
-2.2164680924100324 -1.1025968219813957 83.6435154926839030 1.4231205179592870 0.3910195988618716 0.9935980065436744 0.6108661483583493  1.8849444685034313 406.3424504950720600
-2.2111604752392657 -1.0745722158708262 83.6124494206659250 1.5202213619384766 0.4017122481977381 0.9907266224064677 0.6108661695443468  1.8849446877462332 406.3021766614618300
-2.1643902819340255 -1.0538656200718894 83.5585712436177350 1.4824744705799093 0.3978592086000871 0.9920207202910707 0.6108661891735095  1.8849448903554342 406.2668604188423300
-2.1346933365482914 -1.0345092627405843 83.5411248784861020 1.4548384471129385 0.3910490366247793 0.9918207952675930 0.6108662089854755  1.8849450906182632 406.2330942752718700
-2.1024832086932914 -1.0240492356635698 83.5315167847330710 1.4458751078831347 0.3846672892340490 0.9899386678402303 0.6108662289366317  1.8849452910225184 406.2002172340032800
-2.0800042160673202 -1.0016001947819055 83.4951717351240180 1.4412791322414427 0.3779988665750770 0.9876104644844853 0.6108662489529947  1.8849454903753142 406.1679572653170600
-2.0768329402065042 -0.9649903014502965 83.4611541381260760 1.3821955335499978 0.3643279390584212 0.9871246930757235 0.6108662674541908  1.8849456720126232 406.1391525476704500
-2.0691545588630760 -0.9301700705224680 83.4501469031810220 1.3659274500623018 0.3534973616112299 0.9850588853783883 0.6108662861691697  1.8849458545396589 406.1102651406629300
-2.0322577158064714 -0.8891473556651833 83.4281154021809070 1.3274713745079645 0.3407669894657023 0.9836516964024066 0.6108663039444040  1.8849460273862400 406.0837981217768500
-2.0086496947687680 -0.8759674403151649 83.4114404490466800 1.2636130232820511 0.3273349874943770 0.9830460336017672 0.6108663201040285  1.8849461858847043 406.0602519801672100
-1.9899291151885938 -0.8365078191040680 83.3932556050853290 1.3195731272411284 0.3275059509860919 0.9783022780703408 0.6108663387597244  1.8849463689593664 406.0324823519524700
-1.9492202014607498 -0.7850547944457766 83.3643421141532170 1.3818339996650590 0.3277014899860449 0.9729908113150732 0.6108663588786338  1.8849465657395372 406.0031182642872500
-1.9082648543118330 -0.7676539777257984 83.3566105697152580 1.4033845986689681 0.3229550127990231 0.9693568642032223 0.6108663789692800  1.8849467634208943 405.9741347744897000
-1.8965040823156079 -0.7339951552596233 83.3116946059541020 1.3669160594745644 0.3129559906846879 0.9677638504305955 0.6108663978375919  1.8849469484840031 405.9474458839761200
-1.8802571837900455 -0.7170035125991195 83.2478386814589300 1.3626663235755463 0.3078305366721873 0.9647793305886177 0.6108664170710049  1.8849471368879909 405.9206384765325900
-1.8666634310847885 -0.6946373525108303 83.2225470104202860 1.3793752269454425 0.3053287276775172 0.9613060018819954 0.6108664369992319  1.8849473316713390 405.8928163516966400
-1.8443495621346220 -0.6438858385103838 83.2140081761386770 1.3640813171926598 0.2984068086771856 0.9585891494271539 0.6108664564446883  1.8849475204512052 405.8665215530973000
-1.8279721893262471 -0.6016351611746211 83.1652437097068430 1.2923543070061285 0.2815556604503615 0.9578661329694745 0.6108664742546429  1.8849476899116706 405.8436901323173600
-1.8104491996033414 -0.5654062479925391 83.1411537033503690 1.3555037421224283 0.2813274223020683 0.9527232610506492 0.6108664948154651  1.8849478866426448 405.8165583156712700
-1.8081838878699863 -0.5357299043172582 83.1009013755779050 1.3574440608451142 0.2746673380544141 0.9493936562139795 0.6108665147079790  1.8849480770157609 405.7905588803086500
-1.8029683666332950 -0.5055328344282228 83.0914526962289980 1.3653741975676228 0.2696922021945626 0.9459699128170093 0.6108665347385188  1.8849482697299744 405.7642413350579900
-1.7620172907810687 -0.4432780183420243 83.0486979624161280 1.3590514988017415 0.2616876021371561 0.9430935220495502 0.6108665548579095  1.8849484603525322 405.7388648852432900
-1.7262698304433577 -0.4363187986458024 83.0321651184445950 1.3731946458030366 0.2568610407709198 0.9395092608250207 0.6108665754742418  1.8849486574341516 405.7131267726107400
-1.6800416364321435 -0.3907208086075830 83.0121999713841350 1.4198072387333240 0.2561362530652531 0.9348586130986332 0.6108665975860594  1.8849488685351514 405.6860153450267000
-1.6374061737250414 -0.3870115090987108 82.9715101330060490 1.4435702610382617 0.2532713006451706 0.9308346735346876 0.6108666200190365  1.8849490832539744 405.6592046288332700
-1.6248740423231587 -0.3808933755411790 82.9187986539820510 1.3321451478546458 0.2367131148234731 0.9306599648854937 0.6108666386725268  1.8849492624621966 405.6378862724112100
-1.5920293865478548 -0.3402238151999971 82.9040997780993650 1.3167343377117320 0.2311856926297828 0.9275576148038299 0.6108666584856103  1.8849494506334523 405.6158836415076500
-1.5577468762669895 -0.3260661217788339 82.9001786493683710 1.2778528188598952 0.2226940754236852 0.9251952946088652 0.6108666773044905  1.8849496296973147 405.5956914120706100
-1.5101603199140661 -0.3246591121064775 82.8603717221305230 1.2386274583432075 0.2137256621798887 0.9226824620313677 0.6108666955903098  1.8849498029287362 405.5771096089786700
-1.4825281545088465 -0.3312145064086205 82.8458416307497030 1.2449982594996987 0.2137218779434191 0.9187673518201557 0.6108667144521773  1.8849499836959140 405.5580199704537600
-1.4913691128895554 -0.2999663547881267 82.8326699330633010 1.2598140580360837 0.2145095515745380 0.9146185528087936 0.6108667338212339  1.8849501685756502 405.5381543897644300
-1.4766548680849563 -0.2762266014687531 82.8185818939090690 1.2580807472581406 0.2105302931143475 0.9110795772606014 0.6108667531868391  1.8849503512749837 405.5187997288645100
-1.4526058834430915 -0.2555959748872024 82.7885218728983860 1.2582690309918687 0.2068775896367854 0.9073689568347667 0.6108667727356307  1.8849505348886157 405.4997248316181000
-1.4160052756216259 -0.2392940190365735 82.7545615005115420 1.2379363065093887 0.2013081181902388 0.9041814000015735 0.6108667917502544  1.8849507135865147 405.4818029368655100
-1.4047575522575211 -0.2245988484106995 82.7436563200470660 1.2710236369208905 0.2018038568845209 0.8996708844258954 0.6108668122027656  1.8849509051518949 405.4624017364220700
-1.3886138266854910 -0.2042961140670743 82.6986416561227170 1.2640107466282078 0.1973327615502157 0.8963095597058737 0.6108668321887978  1.8849510911947840 405.4439081321756400
-1.3525271144163087 -0.1563332676398445 82.6313839473813370 1.3054263151387422 0.1989173880602397 0.8916706420530574 0.6108668539573724  1.8849512917697280 405.4242181417335500
-1.3168185814777649 -0.1376586320203105 82.5984478414277130 1.3137722837566106 0.1947170854699136 0.8878140918581766 0.6108668757243485  1.8849514912459435 405.4053416274488200
-1.2955694625092189 -0.0967929822454508 82.5793922914260320 1.2490363118890193 0.1809024652741420 0.8858903207474974 0.6108668954539397  1.8849516712411230 405.3890057544499000
-1.2654339557857850 -0.0794254209448748 82.5397656295143630 1.3456109128666358 0.1890857527783183 0.8800971891877212 0.6108669192555247  1.8849518883454046 405.3689170275689500
-1.2333258241899305 -0.0446332751829490 82.5053845823300950 1.3100198912290473 0.1797022135789879 0.8775910275900903 0.6108669409002810  1.8849520851166959 405.3515681217877500
-1.2044057207164360 -0.0315641699484285 82.5122094196198080 1.3046648919455066 0.1734505635178384 0.8740846765742942 0.6108669628980952  1.8849522855541181 405.3344717797949700
-1.1554183270047251 0.0045579099645356 82.4678815590933990 1.2558001101672689 0.1628713975597825 0.8717690211578026 0.6108669834936378  1.8849524729421618 405.3194701658560500
-1.1462602953015371 0.0396970237845247 82.4438192493826700 1.1575930696456300 0.1436711624294487 0.8702713909758960 0.6108670017816605  1.8849526369849618 405.3071724469634800
-1.1234048552140428 0.0617305489025038 82.3917038244953090 1.1862808060653254 0.1419818575826415 0.8660953173649764 0.6108670223580500  1.8849528210619499 405.2931941738383400
-1.0954511862251286 0.1094221546470598 82.3677937005782890 1.1844216547803617 0.1355013731745849 0.8624975926101388 0.6108670427355313  1.8849530024436385 405.2799430546884300
-1.0770483600588534 0.1382541446450224 82.3325185844342830 1.1978403176601642 0.1307608447917784 0.8586411004618597 0.6108670636929373  1.8849531887242852 405.2664276943347700
-1.0409714394032703 0.1775380355340743 82.2920239913393630 1.1466870225596208 0.1180746684919689 0.8561660130113479 0.6108670829388817  1.8849533589969769 405.2549830141763300
-1.0252536271178831 0.2225666552880793 82.2666451439250320 1.2120855899139920 0.1203287159515244 0.8514920858767444 0.6108671052752787  1.8849535553910661 405.2412785014788600
-0.9739465904763525 0.2479948729054649 82.2416157319958640 1.2704454944720407 0.1209595974322711 0.8469454435631769 0.6108671289698857  1.8849537637263394 405.2274509281547200
-0.9477075875312705 0.2566341601354650 82.2226065753890650 1.2633072492735884 0.1147171516130002 0.8437989163495321 0.6108671515876472  1.8849539642798472 405.2146404253785500
-0.9342609613518615 0.2874064039250645 82.1999139040895980 1.2300724849789630 0.1050836236630085 0.8409778180425097 0.6108671732873694  1.8849541562449250 405.2027991049099000
-0.9310560673496842 0.3194106719183404 82.1869754018855620 1.1481962283912321 0.0880218180628665 0.8392027267900208 0.6108671927077430  1.8849543272581273 405.1926931406036400
-0.9181160496657123 0.3547009730568847 82.1285415206049980 1.1880471334529734 0.0868847103080530 0.8351735120224670 0.6108672147807189  1.8849545195941584 405.1811094851253200
-0.8733175855790009 0.3788814000430591 82.1070763806845890 1.2294519154211079 0.0878410913568541 0.8313650708258081 0.6108672377477530  1.8849547208185171 405.1694150701129000
-0.8298869167888329 0.3779292256357442 82.0668641975303640 1.2336667437310747 0.0858256274282724 0.8281938964113652 0.6108672603793520  1.8849549206391381 405.1585788630372900
-0.8246866808173843 0.3900795282548838 82.0433061457909790 1.2076374738117814 0.0801323419362670 0.8254378039458161 0.6108672822105791  1.8849551127770781 405.1484653458021500
-0.8054807930166028 0.3738198310908341 82.0350352989088950 1.2017831479789607 0.0783420203134959 0.8227450890085604 0.6108673040678752  1.8849553065875708 405.1383418544750700
-0.7808646602138204 0.3844554081379751 82.0052813176880870 1.1991999392983228 0.0776551192821105 0.8197000151226443 0.6108673260712402  1.8849555009207983 405.1287353665179000
-0.7695617477895550 0.4072532257482411 81.9708714305246250 1.1832799932495686 0.0740846924376830 0.8169619772735015 0.6108673478241987  1.8849556915236463 405.1195044973529200
-0.7117488790047893 0.4559660515696398 81.9536999434505870 1.2229545480586959 0.0754135479474240 0.8136706714618972 0.6108673717413854  1.8849558973305598 405.1101601991840700
-0.6938011075042804 0.4560819900739810 81.9252555029376030 1.2587752950343052 0.0772289074657714 0.8103000758324674 0.6108673964108424  1.8849561107223496 405.1007166921913300
-0.6542833093097135 0.5055279688512105 81.8895803186925520 1.2217820045211436 0.0672641782504529 0.8081861243427463 0.6108674196239265  1.8849563093347945 405.0927519300320800
-0.6409103718399259 0.5353190810782589 81.8407988926303460 1.1613816034174584 0.0525865296610852 0.8061830346843092 0.6108674414517198  1.8849564948112076 405.0858738906289300
-0.6266759880737874 0.5665564673916491 81.7990157400483750 1.2237320880889591 0.0569199605655042 0.8026826019283119 0.6108674663871344  1.8849567062974522 405.0777658907106800
-0.5531250936188233 0.5897022640820960 81.7609744897314100 1.1143302293582316 0.0376950462816901 0.8008863040070073 0.6108674895239364  1.8849569027998829 405.0718686974137800
-0.5174415629554211 0.6088880301384464 81.7208465206944650 0.9972109490352730 0.0199564226579160 0.7987804636487514 0.6108675101214136  1.8849570787844430 405.0677700272987100
-0.4816680188668179 0.6632991004416813 81.6854162083637330 0.8676034875071197 -0.0031140411506667 0.7965245468587997 0.6108675280823482  1.8849572296894606 405.0654641291752100
-0.4618477889107154 0.7052597795505861 81.6630846346750590 0.7119809183420037 -0.0332594658198725 0.7941212200564030 0.6108675425611989  1.8849573492441110 405.0648739951146800
-0.4130294876847624 0.7483585153203118 81.6466434389974010 0.5099186202221895 -0.0711373532073461 0.7916935721149284 0.6108675519004677  1.8849574259112960 405.0666572447627200
-0.3610125702574103 0.7801267615996327 81.6262020888321440 0.3739988401828612 -0.1007870584569354 0.7893522127428151 0.6108675592383965  1.8849574855707547 405.0688441111864200
-0.3223634737447202 0.7843003220702457 81.5868585413804230 0.2748725375396847 -0.1225641017176566 0.7872141913949210 0.6108675646991831  1.8849575318217759 405.0713183151655100
-0.2855856095951063 0.7815048486017540 81.5698154473525110 0.2123264337764487 -0.1361912975658665 0.7850706557371909 0.6108675691419575  1.8849575715835722 405.0739482697568400
-0.2668101821845849 0.8377363463808969 81.5493952401097600 0.0916584576519009 -0.1596756367738658 0.7827910467211653 0.6108675702954535  1.8849575827558072 405.0774844773204700
