0.3207859349955614 0.2843433079487911 359.9937186294276300 -0.0232137472731233 20.0264789515831720 0.0023701296604682 0.6108684057953733  1.8849555797023119 400.0025502884888100 0.0000000001205228  0.0000000001065247 0.0000000000019533 -0.0000068178212726  0.0000077333240070 0.0000005381334352 0.0055930179322461  0.0049442161019529 0.0000905699491182
1.0190769337495265 0.9002751438561879 0.0044582572929380 -0.0050257685185218 20.0054694010308260 0.0092903825203065 0.6108715583657564  1.8849555728465393 400.0081292766906800 0.0000000600090031  0.0000001854072516 0.0000000305024075 -0.0000223369010335  0.0000253672185088 0.0000376806733682 0.0177186122323122  0.0156877916302911 -0.0000368907381594
1.0450593081485560 0.9284458955943894 359.9797448635533800 -0.0030303353013156 20.0025244210299110 0.0140282671926012 0.6108747051309386  1.8849555721090634 400.0194212634220900 0.0000005620900873  0.0000004838588075 0.0000002368420176 -0.0000246176071504  0.0000279020164369 0.0001371726208812 0.0182040269338124  0.0161460362342426 0.0003702232743935
1.0554831381344612 0.9408008765158266 359.9579279497297100 -0.0023400311042712 20.0001474852863020 0.0194373609543484 0.6108778514448926  1.8849555716389053 400.0349548890398500 0.0000020482316045  0.0000021489786495 0.0000008386180529 -0.0000323540374324  0.0000366653066712 0.0005915871668720 0.0183373782737662  0.0163992625977550 0.0015066748656410
1.0571185624626143 0.9495934529855271 359.8710965110476000 -0.0007611094181557 20.0005183281211560 0.0203147244969513 0.6108809976420863  1.8849555714145241 400.0539809947691800 0.0000031574608075  0.0000040717553159 0.0000012529608321 -0.0000389932626445  0.0000439888847315 0.0009835640179876 0.0183463906483270  0.0164599160988686 0.0023013851504651
1.0567296362838787 0.9500549993049819 359.8305411788363700 0.0003473659033194 19.9993220903095330 0.0242023747506918 0.6108841437493159  1.8849555713601156 400.0768587680895500 0.0000041709206499  0.0000060974265557 0.0000018541151657 -0.0000477554162882  0.0000536313986889 0.0014871624343638 0.0183399917293463  0.0164803580795271 0.0029659754703791
1.0593494862679496 0.9539658252275287 359.7778662281012900 0.0011673306586399 19.9992728273930820 0.0283338262511391 0.6108872899202482  1.8849555714935895 400.1025253160903500 0.0000056187635036  0.0000083252747300 0.0000026295737250 -0.0000580018188770  0.0000650281112133 0.0020682806995569 0.0183496067129610  0.0164864924069077 0.0038431428929280
1.0593965238210010 0.9500865556092238 359.7036382194509700 0.0030115717611847 19.9977378102049140 0.0315261362141708 0.6108904358416549  1.8849555718307445 400.1299508768802300 0.0000092919498206  0.0000140061563130 0.0000050996131711 -0.0000819619327148  0.0000903883252034 0.0033810812085661 0.0183393700324323  0.0164881307153361 0.0059748542846144
1.0566852998079781 0.9492237521848466 359.6141671640223200 0.0021619203808068 19.9988169429746460 0.0251452054719981 0.6108935817308349  1.8849555723063585 400.1571345900314900 0.0000105608522240  0.0000169087150834 0.0000066347881143 -0.0000940678653542  0.0001026903466958 0.0040376178110805 0.0183308004416988  0.0164851716737761 0.0066407654647348
1.0553473067542736 0.9486109723935726 359.5996374471610000 0.0045464368314587 19.9998255832027030 0.0269931705271823 0.6108967277957271  1.8849555729432643 400.1837624949105800 0.0000111348608794  0.0000203234657269 0.0000081083076117 -0.0001051332119130  0.0001140177381660 0.0046633251096007 0.0183277108501582  0.0164794417933312 0.0068893901665273
1.0551621541742149 0.9494643912619654 359.5871803792769600 0.0041097152551281 20.0002411558830320 0.0276422429630905 0.6108998739718803  1.8849555738159594 400.2098317510715900 0.0000118922773711  0.0000232923752005 0.0000097059765684 -0.0001148939259511  0.0001240982989266 0.0052305203292013 0.0183291249216206  0.0164669374772458 0.0071031707678317
1.0565345815571185 0.9529806143924042 359.5717612974439100 0.0044388374831071 20.0001958698242710 0.0304445091169216 0.6109030202028238  1.8849555745673146 400.2364541562695900 0.0000129848855614  0.0000304088973190 0.0000138209913753 -0.0001321521342172  0.0001427802205233 0.0062741662558910 0.0183330492493377  0.0164606281954230 0.0076161005245023
1.0567056295255619 0.9495780939654903 359.5339067105873000 0.0027760547829562 19.9991001419864500 0.0233722364515183 0.6109061663565479  1.8849555751864617 400.2610775445546700 0.0000137553130610  0.0000335914532427 0.0000162369208106 -0.0001399398233796  0.0001509995396507 0.0067372366741072 0.0183353774219832  0.0164608795782565 0.0080020423844604
1.0582132578844430 0.9481333693315858 359.4990240206285000 0.0022509036263621 19.9991679026422910 0.0245508131191354 0.6109093123869960  1.8849555757112515 400.2856032933347600 0.0000146905730558  0.0000368488660444 0.0000185635406116 -0.0001468867476551  0.0001583220589255 0.0071533481747963 0.0183346065872904  0.0164636423734690 0.0086090365139332
1.0575534152191843 0.9508558432295653 359.4736918131230300 0.0032734027198698 19.9998162412649200 0.0264806180954373 0.6109124585036850  1.8849555762196950 400.3104456335220800 0.0000152331702635  0.0000394694697964 0.0000206105853083 -0.0001529126864192  0.0001655194983530 0.0075381241928901 0.0183346412010061  0.0164658601045190 0.0090808015521111
1.0611836406761728 0.9505942403435355 359.4429061465533600 0.0018879993860390 19.9990583846810570 0.0277062297195187 0.6109156046243605  1.8849555766768538 400.3343707090946300 0.0000171481390930  0.0000446844978525 0.0000238668696954 -0.0001633441176883  0.0001776034419785 0.0081838912514739 0.0183379243883194  0.0164745073195228 0.0104310007563425
1.0612661697970758 0.9486547485696463 359.3593787976906800 0.0011208533011274 20.0004506672167360 0.0193779598041524 0.6109187507743883  1.8849555770124531 400.3563964464962600 0.0000182676429395  0.0000469755286751 0.0000252525422373 -0.0001678931101022  0.0001830255761373 0.0084590261145495 0.0183410874717800  0.0164794327898330 0.0111637436046182
1.0599752221788483 0.9484129191683277 359.3269971563761900 0.0008544022217560 19.9995850781741420 0.0185795890811185 0.6109218969499723  1.8849555771315105 400.3759554911519000 0.0000189189864440  0.0000490864972088 0.0000266843347253 -0.0001715021652172  0.0001874909168642 0.0086749868910033 0.0183420243952955  0.0164861943141118 0.0116839260428876
1.0616326686056130 0.9497986550311031 359.2846007469471500 0.0011129841751948 19.9986533592428230 0.0205779124242916 0.6109250430227767  1.8849555772761510 400.3943670326750100 0.0000200436500903  0.0000511383009844 0.0000282792420745 -0.0001744705348564  0.0001910394883577 0.0088600263086467 0.0183445111759379  0.0164924681345402 0.0123950834711152
1.0606275648079522 0.9479647497521317 359.2649778035453200 0.0011625010122601 19.9981010570041350 0.0209097719369232 0.6109281890495916  1.8849555773992417 400.4123513505302900 0.0000209735017868  0.0000540527491789 0.0000308374659710 -0.0001802787952004  0.0001968226118955 0.0091728385238590 0.0183442739871182  0.0165005939199146 0.0130748914919987
1.0608253637478213 0.9451210437473699 359.2278555479010200 -0.0009420960647565 19.9975976251500600 0.0123880244230859 0.6109313348479112  1.8849555773901197 400.4273667645311400 0.0000213617096052  0.0000550953207575 0.0000317484615385 -0.0001827249390225  0.0001991615929136 0.0092861022620788 0.0183420876604903  0.0165047295763008 0.0134820471724537
1.0635039472361933 0.9453988380195229 359.1851570319926200 -0.0018165017547702 19.9968299766113380 0.0139216182690308 0.6109344806696403  1.8849555769806696 400.4414346313022900 0.0000222654659197  0.0000558122085178 0.0000328884155987 -0.0001848050755547  0.0002019135253128 0.0093898549507031 0.0183425939216935  0.0165105990011157 0.0142008766637926
1.0622314619490882 0.9454176975141421 359.1507667454572500 -0.0007152598299694 19.9965449752692880 0.0150353360536851 0.6109376263420832  1.8849555767382458 400.4544608754617300 0.0000228693465865  0.0000566246833612 0.0000338429348440 -0.0001867768051467  0.0002042264468569 0.0094682353467277 0.0183409230363297  0.0165156992139926 0.0147774294071323
1.0618471171675505 0.9440650650155430 359.1307697664115600 -0.0011852230655039 19.9959237564553370 0.0167838403046552 0.6109407719997267  1.8849555766047916 400.4677716836249000 0.0000236620845672  0.0000576042263599 0.0000357307890180 -0.0001905642151708  0.0002077748415108 0.0096150259459032 0.0183374178322803  0.0165207766367288 0.0156511080039336
1.0637922903232178 0.9429151612705023 359.0787017274246300 -0.0000570674205673 19.9957291972904940 0.0105817962136935 0.6109439175755869  1.8849555765277490 400.4796702833065200 0.0000242153999561  0.0000581218891565 0.0000364318277832 -0.0001924270112399  0.0002092214428194 0.0096807925192635 0.0183361725810083  0.0165231150636073 0.0161120087002291
1.0642948059919437 0.9417461673134637 359.0457565917990300 -0.0000450071717762 19.9959678573037820 0.0125438527619311 0.6109470631191410  1.8849555764970478 400.4915597629783400 0.0000247538716647  0.0000584458212201 0.0000373584542626 -0.0001940731017832  0.0002104859818521 0.0097372131048855 0.0183350799375649  0.0165248500267025 0.0166289836058881
1.0677619679655939 0.9404157058026819 359.0285445998303000 0.0012382716841609 19.9977621429578180 0.0152390716414526 0.6109502088319597  1.8849555765700217 400.5044308277640500 0.0000253635247987  0.0000584994037371 0.0000381939901654 -0.0001955609572283  0.0002113994233499 0.0097946975474901 0.0183349407938135  0.0165250640099641 0.0169299403984235
1.0686793415260913 0.9395660020365449 359.0131805383006700 0.0019394686778016 19.9964828279121600 0.0171004239959111 0.6109533545712099  1.8849555768559294 400.5180117902712000 0.0000271184719943  0.0000584247479763 0.0000395114409315 -0.0001966873716593  0.0002115452134096 0.0099018469251836 0.0183389123030463  0.0165226358867496 0.0173478130102318
1.0658049148319888 0.9370517738400569 359.0037780219827800 0.0017665986894581 19.9966377290153900 0.0094027269468106 0.6109565003059500  1.8849555771817124 400.5296910651057900 0.0000277891457528  0.0000583210132270 0.0000400525220829 -0.0001973762954385  0.0002114322570025 0.0099484968355671 0.0183401808475683  0.0165210438061826 0.0174398109628549
1.0663591985267724 0.9363033089429708 359.0017275094542100 0.0011003110060661 19.9974093887708440 0.0091677237183255 0.6109596459246042  1.8849555774446578 400.5397582489265500 0.0000284309831232  0.0000581184525940 0.0000405058000546 -0.0001982988121992  0.0002109845121135 0.0099824970607739 0.0183408441304596  0.0165191385343578 0.0174386565567159
1.0679963602626634 0.9351828244200212 359.9950904930793200 -0.1068667574686870 29.9929759158316070 0.0220496963443437 0.6109635776082202  1.8849555659754069 400.5546004651435500 0.0000300351684590  0.0000578858809628 0.0000410675987529 -0.0002011706395898  0.0002873937481196 0.0100310013595497 0.0183384678656928  0.0165161601547136 0.0001078116753562
1.0674016738821348 0.9332471369967963 0.4157418052096579 -0.1102660641204361 39.9928569984398830 0.0325106640304640 0.6109690824540284  1.8849555506071076 400.5787302677026100 0.0000334884258719  0.0000557930422187 0.0000418113097100 -0.0002030426912938  0.0009138074464642 0.0101957445406827 0.0182889241670375  0.0164724097820000 -0.0102665570230555
1.0581182523248502 0.9317387804930812 0.6906550645721414 -0.0553766744745021 49.9955308330656860 0.0270218493916592 0.6109761605993312  1.8849555384613030 400.6066969527406600 0.0000349381093947  0.0000545919749366 0.0000420652507942 -0.0002031522724641  0.0014706043388534 0.0102793663432641 0.0182380662338070  0.0164501836540405 -0.0119547589630645
1.0545000487182878 0.9355426354108444 0.7550960156002269 -0.0651440666852680 59.9958267618405690 0.0319444049626831 0.6109848119412713  1.8849555259148898 400.6378938867703700 0.0000364996508490  0.0000535879377175 0.0000422085057413 -0.0002025223017965  0.0021295902997460 0.0103502407125292 0.0181770601885855  0.0164292554220903 -0.0130450596178781
1.0517453761269919 0.9339280867328812 0.7963344666904845 -0.0721326153275468 69.9975432669726130 0.0355416031598947 0.6109950366337771  1.8849555133871934 400.6703278109487200 0.0000378536156060  0.0000527166702210 0.0000423629612144 -0.0002015186569436  0.0028252713153604 0.0104041813806993 0.0181119616844889  0.0164097153686171 -0.0137951151872685
1.0458907098276233 0.9341711357083326 0.8273624438302017 -0.0748874598344448 79.9994805938018630 0.0381073611705011 0.6110068346212147  1.8849555009286034 400.7034057805968200 0.0000401956385111  0.0000510258379454 0.0000427771774450 -0.0001995756989758  0.0041423381676009 0.0104623022974753 0.0179885754147245  0.0163730319405514 -0.0147692590492072
1.0335435994544033 0.9323605352957942 0.8711932173203775 -0.0546673130350630 89.9987977464127060 0.0249965189000268 0.6110202058204971  1.8849554896782861 400.7318571034736000 0.0000411071495963  0.0000502941801325 0.0000430078099408 -0.0001984867048055  0.0046907277076878 0.0104712807880135 0.0179372986885046  0.0163566689690845 -0.0150925540220133
1.0326923554620091 0.9323651598830322 0.8831469600097766 -0.0589352813745294 100.0004017509018900 0.0250951922432088 0.6110351502115552  1.8849554783481954 400.7583931556894800 0.0000418377166269  0.0000496037483487 0.0000432797929059 -0.0001989075839792  0.0051573130036984 0.0104718501023886 0.0178937578778055  0.0163408702455339 -0.0153568121249789
1.0291263723475013 0.9338064599599132 0.8973465010795083 -0.0626843077649573 110.0008054923650700 0.0265047196313450 0.6110516677926030  1.8849554669749640 400.7828593334896800 0.0000425415625960  0.0000488649381527 0.0000436456044109 -0.0001993539597415  0.0055513137455071 0.0104661512474801 0.0178578151976956  0.0163257549484378 -0.0155703515432921
1.0265705571785970 0.9366318539388281 0.9091769106830444 -0.0651147830820487 120.0024580045991600 0.0292548792190033 0.6110697584852491  1.8849554556163473 400.8074207904617200 0.0000436453935809  0.0000479504299646 0.0000440224808095 -0.0002002212484627  0.0062016267751644 0.0104440948197740 0.0177984494075370  0.0162982850784423 -0.0159223857998116
1.0197903505526431 0.9373535456803377 0.9262336199721389 -0.0431378453110845 120.0058772207591300 0.0154780766557184 0.6110886364799720  1.8849554461130900 400.8272564381429100 0.0000440370435140  0.0000476177077285 0.0000441023306811 -0.0002051949198394  0.0064060512636650 0.0104394197248872 0.0177812354144389  0.0162903669292446 -0.0160265302769572
1.0200295578142298 0.9363292981234258 0.9293856125802549 -0.0365573647571513 120.0081906184560600 0.0152769667364240 0.6111075148304076  1.8849554383996354 400.8439168525658800 0.0000444397326917  0.0000472567836922 0.0000441660489556 -0.0002127272091014  0.0065408073029728 0.0104388291237529 0.0177715391169422  0.0162855849770791 -0.0160926792869279
1.0186844648630518 0.9379104601260206 0.9314918272586721 -0.0344457598009366 120.0090331342164900 0.0151838353554886 0.6111263932424931  1.8849554317270578 400.8585588658444300 0.0000448045774165  0.0000469357891519 0.0000441941450961 -0.0002221099024027  0.0066251745899795 0.0104408623628300 0.0177668174164444  0.0162826519055391 -0.0161401268283586
1.0160988020043891 0.9380451129733995 0.9320677851376745 -0.0304740680588529 120.0108283834013000 0.0156108705840926 0.6111452716677033  1.8849554258649257 400.8712514883021600 0.0000452107585498  0.0000463277105848 0.0000442977528033 -0.0002408339990994  0.0067291928844431 0.0104495272373108 0.0177617063879919  0.0162805677875547 -0.0161979137554368
1.0151839617412348 0.9370539483874462 0.9346901793808434 -0.0255713182657583 120.0079153620389300 0.0076615611076198 0.6111641501467926  1.8849554207205454 400.8808717302945300 0.0000453741203666  0.0000460514136522 0.0000444313720799 -0.0002534826919707  0.0067609107876853 0.0104549265808861 0.0177613764134529  0.0162804868525187 -0.0162136862108961
1.0163667065221278 0.9383431505209314 0.9355516407997969 -0.0235583433349883 120.0082893617039200 0.0091074524102682 0.6111830287199112  1.8849554159714021 400.8901385355524700 0.0000456064960591  0.0000458121600517 0.0000445279888197 -0.0002684207887770  0.0067812123124972 0.0104608549344645 0.0177626927259621  0.0162807657573921 -0.0162256025687925
1.0169417436158250 0.9379425748612156 0.9378996572317230 -0.0221540246624470 120.0114153021367300 0.0101998108627357 0.6112019073400160  1.8849554116666576 400.8990003999333000 0.0000458036389940  0.0000455697991216 0.0000445593493556 -0.0002828706450277  0.0067938407155606 0.0104666297379458 0.0177643920721645  0.0162814863112705 -0.0162338058871798
1.0170455193615209 0.9401784248185783 0.9382278570668781 -0.0207158580501135 120.0121295805129300 0.0115904950761121 0.6112207860438655  1.8849554077241790 400.9070082516292900 0.0000460862984912  0.0000451088331643 0.0000445123816843 -0.0003142519632478  0.0068129286033421 0.0104780990178078 0.0177679845591575  0.0162836030370483 -0.0162428900255740
1.0155734600240351 0.9418081779174162 0.9368433623087403 -0.0170785726919282 120.0071905933500300 0.0036927058758417 0.6112396645000862  1.8849554042528878 400.9128994736585700 0.0000462214702304  0.0000450012030341 0.0000445651659449 -0.0003296200152743  0.0068139912015946 0.0104821319323886 0.0177703664113785  0.0162847778350913 -0.0162449210265793
1.0154691855941287 0.9392600743382893 0.9354382968022906 -0.0166453884206951 120.0079749685059100 0.0051076995572035 0.6112585429350018  1.8849554010269518 400.9183823909350500 0.0000463474412081  0.0000449208586185 0.0000446764874874 -0.0003441665413984  0.0068123307384360 0.0104854205171978 0.0177728027989376  0.0162861994307173 -0.0162448636812257
1.0173030717987936 0.9443158105225525 0.9341351595132169 -0.0147838485512775 120.0107112380131200 0.0057619659504438 0.6112774214320759  1.8849553979525826 400.9231593527222200 0.0000464729380124  0.0000448360916417 0.0000448183201632 -0.0003588821580811  0.0068090826606827 0.0104882250943267 0.0177753178455335  0.0162878578020421 -0.0162428088860283
1.0171691732014216 0.9414199412812531 0.9337515963156839 -0.0136844184267126 120.0109748256841700 0.0060258185383617 0.6112963000013084  1.8849553952970106 400.9262388336827600 0.0000467517560796  0.0000446762503925 0.0000450399895936 -0.0003912421311583  0.0068012012824441 0.0104856407589135 0.0177807899195490  0.0162903069612812 -0.0162362197087551
1.0150427127638035 0.9413726020380981 0.9341740222761278 -0.0107832955820408 120.0077558160420500 -0.0007815816513657 0.6113151784217155  1.8849553930212199 400.9278198565901300 0.0000468312105424  0.0000446031328928 0.0000451562489946 -0.0004064253422319  0.0068023600903665 0.0104829008503009 0.0177826072256362  0.0162914417071653 -0.0162318063076537
1.0141795383986678 0.9413303928552065 0.9351910214541437 -0.0100334354735303 120.0073586576419900 -0.0002595198307638 0.6113340567758788  1.8849553911004504 400.9285593678536100 0.0000468875747749  0.0000445202061068 0.0000452149687721 -0.0004187644170504  0.0068054385716371 0.0104774772529694 0.0177837870105773  0.0162925736249115 -0.0162276335056752
1.0155203447567076 0.9421013943999670 0.9342056651084346 -0.0087945124714707 120.0082366437710800 0.0012449327156601 0.6113529349657911  1.8849553894352173 400.9281362651433400 0.0000469285423818  0.0000444106721173 0.0000452747858897 -0.0004277993684187  0.0068103105515855 0.0104695482571985 0.0177843282142490  0.0162937891853855 -0.0162225586731203
1.0165355837536674 0.9415601869796182 0.9360319725657188 -0.0082287240806534 120.0107812769610300 0.0031000151655539 0.6113718133580397  1.8849553878794143 400.9284415519090900 0.0000470234030229  0.0000442437784304 0.0000453041784816 -0.0004518349749949  0.0068294064012402 0.0104522142027256 0.0177850136239539  0.0162954104672081 -0.0162142569907726
1.0142688132538922 0.9407383232449899 0.9366184538094570 -0.0071999902792965 120.0071759247269900 -0.0060772218222365 0.6113906917118530  1.8849553864302500 400.9252401980664900 0.0000470708091434  0.0000441534092148 0.0000453009336513 -0.0004660649634908  0.0068507981511818 0.0104355502096222 0.0177843055741788  0.0162957688565949 -0.0162101022052064
1.0155057392930082 0.9397702225383232 0.9381906144885392 -0.0060007786787317 120.0065642527557700 -0.0040590139369035 0.6114095699222418  1.8849553851520786 400.9209864785804000 0.0000471211845026  0.0000440914126490 0.0000452900716094 -0.0004772089484675  0.0068728166387256 0.0104181815137971 0.0177831971321630  0.0162965105952151 -0.0162063850867644
1.0130685875921102 0.9415778642373505 0.9375755376626344 -0.0045988224968596 120.0087018247346900 -0.0014771905774442 0.6114284481461331  1.8849553841162496 400.9176684696012100 0.0000471469759922  0.0000439887548968 0.0000451796718186 -0.0004872232486432  0.0068970812049112 0.0104020485202524 0.0177816864874805  0.0162966793518659 -0.0162039754889720
1.0149377464866154 0.9425154529891850 0.9361019606513563 -0.0022136363312584 120.0105784877896300 0.0011160779011110 0.6114473264956836  1.8849553835074861 400.9152193358916600 0.0000471590241305  0.0000438685542593 0.0000450881607250 -0.0005065572485690  0.0069529100187929 0.0103698321761049 0.0177777185428988  0.0162957729863474 -0.0162010034900575
1.0126194762080534 0.9415043888883894 0.9373598250565538 -0.0017931952674317 120.0072492456884800 -0.0052953025711042 0.6114662048023581  1.8849553831077912 400.9115507838304800 0.0000471853860848  0.0000438075453963 0.0000450483294877 -0.0005194584641687  0.0069844924861897 0.0103534179925906 0.0177756457584795  0.0162945137142889 -0.0162001940417015
1.0107595237316500 0.9446599474767691 0.9374815487874726 -0.0005537495800038 120.0100434155610900 -0.0046941361322148 0.6114850833482881  1.8849553828700085 400.9074239301282300 0.0000471666632386  0.0000438135432177 0.0000450412697091 -0.0005307517989832  0.0070221472545817 0.0103344731093478 0.0177727064348825  0.0162936267823936 -0.0161999346894824
1.0111774913611176 0.9461154091209590 0.9373269714527016 -0.0003788939558925 120.0100910796419500 -0.0016482511294899 0.6115039619023294  1.8849553828127865 400.9037157307358300 0.0000471261945362  0.0000438651667651 0.0000449983040436 -0.0005397046159663  0.0070585141766678 0.0103166878043493 0.0177696514381270  0.0162931447586510 -0.0162006589352692
1.0114453734201481 0.9461140141178130 0.9340394093834337 0.0002616933737385 120.0118986853466500 0.0006798122840260 0.6115228404750306  1.8849553827793426 400.9007587738974500 0.0000470528947348  0.0000439749360386 0.0000449823549429 -0.0005569349806963  0.0071340605308631 0.0102810143025761 0.0177631925159427  0.0162920547557947 -0.0162016222378499
1.0108435908782640 0.9446850632356577 0.9331435449412935 0.0009367524305723 120.0076373650943100 -0.0057078503717446 0.6115417188486151  1.8849553828561418 400.8968367049788500 0.0000470325371258  0.0000440266318495 0.0000450411323328 -0.0005662424346498  0.0071734110381366 0.0102630169058186 0.0177598524197481  0.0162912035336123 -0.0162017143073204
1.0110029972263550 0.9438530616577451 0.9323823205236267 0.0008573092932225 120.0088391654878700 -0.0034447012354485 0.6115605972945920  1.8849553829242829 400.8929001512419700 0.0000470066104658  0.0000440643077704 0.0000450819215084 -0.0005754653878454  0.0072142507170867 0.0102448486993859 0.0177563529894232  0.0162905047846635 -0.0162014334863019
1.0115624216843295 0.9432438077662402 0.9298760890715465 0.0024648798604393 120.0100036875596300 -0.0023356647315199 0.6115794758019518  1.8849553832711012 400.8890538724430100 0.0000469862654794  0.0000440954677309 0.0000451591184374 -0.0005851479923527  0.0072602401011181 0.0102247512022288 0.0177523528642820  0.0162892285547485 -0.0162017952304600
1.0137643077099543 0.9444053513198094 0.9307133093370714 0.0040711929166716 120.0110169710926600 -0.0000077210207150 0.6115983543048508  1.8849553839504651 400.8853029524291900 0.0000470078150679  0.0000441337246103 0.0000453409540857 -0.0006098515171415  0.0073529037696271 0.0101859687583516 0.0177446802633606  0.0162847776731662 -0.0162049586442074
1.0146093144858364 0.9415139302414451 0.9297220749706022 0.0043897205513296 120.0052884137557200 -0.0056833214704267 0.6116172325118960  1.8849553846690004 400.8810740626823300 0.0000470750205009  0.0000441512115861 0.0000454457433263 -0.0006255813207312  0.0073998591499148 0.0101667063024324 0.0177410301825961  0.0162820703694560 -0.0162068037356370
1.0164012739400445 0.9431835925264208 0.9288283719417397 0.0040303871272158 120.0061759510691800 -0.0025857575164033 0.6116361105914099  1.8849553854557868 400.8777806456403100 0.0000471697618333  0.0000441464968792 0.0000455764098657 -0.0006434348966070  0.0074431525449668 0.0101495317569227 0.0177379047873841  0.0162790011452602 -0.0162084680159549
1.0171278026785460 0.9446179634234196 0.9290423374432527 0.0051977004563231 120.0074821735944100 -0.0009344057560934 0.6116549886595325  1.8849553862964352 400.8753438295952400 0.0000472709620313  0.0000441783797935 0.0000457335913968 -0.0006620317178150  0.0074831080074483 0.0101340619885386 0.0177351518160212  0.0162760824157895 -0.0162100093636160
1.0157066628948150 0.9452001880271476 0.9288504513479305 0.0036852902586450 120.0082851451971100 0.0011328342941535 0.6116738666936010  1.8849553871917073 400.8729266508419200 0.0000474256284373  0.0000442814910906 0.0000459463054332 -0.0006930028232613  0.0075649836199116 0.0101024491728029 0.0177289367443896  0.0162715936829744 -0.0162129965984462
1.0141702065426366 0.9419131595068320 0.9300334252193926 0.0034197593772193 120.0042325731208900 -0.0049004749348768 0.6116927444610181  1.8849553879636356 400.8692302921799600 0.0000475032701172  0.0000443303510297 0.0000460657675827 -0.0007079307731792  0.0076058579560433 0.0100869573965491 0.0177257707900509  0.0162694900864615 -0.0162141875181871
1.0121613434469967 0.9430856372177169 0.9313332391037956 0.0042162119515599 120.0052753530570700 -0.0039196228233833 0.6117116222940290  1.8849553887149000 400.8655048372368700 0.0000475592820668  0.0000443885400667 0.0000461829436310 -0.0007191307329999  0.0076489980389822 0.0100704227810301 0.0177220986615123  0.0162678222282397 -0.0162154117657848
1.0116947638687532 0.9441656569742315 0.9314572549620458 0.0053371006608684 120.0059010108357900 -0.0017700763770380 0.6117305000749924  1.8849553897368332 400.8615568627122900 0.0000475944052120  0.0000444400842077 0.0000462485480393 -0.0007269128119009  0.0076956127543372 0.0100525668287828 0.0177178460426993  0.0162661829088549 -0.0162177865541155
1.0098062194831305 0.9461525545342023 0.9307072223937524 0.0053461727963898 120.0076154432993300 0.0020465707988193 0.6117493778226233  1.8849553906847103 400.8599398516641900 0.0000476159124219  0.0000445663861720 0.0000464046654086 -0.0007343174825012  0.0077670786689948 0.0100253327712422 0.0177110408794221  0.0162644864733377 -0.0162207400245639
1.0085310201335516 0.9463904018814876 0.9296238319801682 0.0047763094822378 120.0026855651671300 -0.0038402391521937 0.6117682555115772  1.8849553916117376 400.8574097760065900 0.0000476251602162  0.0000446633098235 0.0000465204589394 -0.0007376351989315  0.0077970601629887 0.0100140160774324 0.0177081903828751  0.0162642682207985 -0.0162208245174724
1.0097890365043118 0.9468528704307813 0.9294758406652133 0.0037981143576082 120.0042905660320700 -0.0014926389448488 0.6117871332132697  1.8849553923995743 400.8556712817089600 0.0000476403795764  0.0000447893919738 0.0000466271534238 -0.0007419768913523  0.0078267663196251 0.0100028667754519 0.0177054283556711  0.0162647193110448 -0.0162192291630131
1.0095362452242684 0.9502250951887903 0.9306088760403394 0.0044202362907392 120.0072504455528000 0.0021279848383399 0.6118060110742262  1.8849553931530969 400.8549923668421100 0.0000476599195339  0.0000449171782570 0.0000467291488301 -0.0007488303286873  0.0078522491682086 0.0099936905954834 0.0177032552573345  0.0162648584693515 -0.0162177946570467
1.0101530368238976 0.9524348447795958 0.9305382645310436 0.0050541756552439 120.0089915877191800 0.0047067002742043 0.6118248890655131  1.8849553939891015 400.8561200075877200 0.0000476621035052  0.0000452146186124 0.0000468583278653 -0.0007592135056717  0.0078863882669781 0.0099815390336197 0.0177004212824460  0.0162659495816941 -0.0162143896643731
1.0094801257831199 0.9497277820178167 0.9321937355196630 0.0058771037561854 120.0047100073922800 -0.0014756391687013 0.6118437670119165  1.8849553950646378 400.8561503377333100 0.0000476860709764  0.0000453575263165 0.0000469243251014 -0.0007684159674557  0.0079054205442521 0.0099751976005232 0.0176990356451905  0.0162657566332948 -0.0162134489611787
1.0089563920127156 0.9521790657921503 0.9306873293492628 0.0066909087659779 120.0049808439629700 0.0005979923083301 0.6118626449372582  1.8849553962468977 400.8562396388308600 0.0000476930474315  0.0000455245365117 0.0000470116355355 -0.0007746259601031  0.0079239624059012 0.0099687854757160 0.0176975171120514  0.0162663131023045 -0.0162113278753599
1.0084928923474179 0.9510861397893964 0.9294142631070808 0.0079646045486940 120.0061601786351400 0.0020095576453395 0.6118815226812643  1.8849553976221369 400.8572399139930600 0.0000476980474587  0.0000456900728030 0.0000470778239496 -0.0007780109398757  0.0079383314485592 0.0099637206132346 0.0176962536205061  0.0162668575049491 -0.0162100791084685
1.0106694727952197 0.9538465128106173 0.9291731610859975 0.0080799927874623 120.0083645628583800 0.0048217939281342 0.6119004005124630  1.8849553990769434 400.8582307804363200 0.0000477337527434  0.0000460097422697 0.0000472255498853 -0.0007909218273808  0.0079716625989127 0.0099525846791114 0.0176935902612616  0.0162672345035601 -0.0162074566110957
1.0084148045668506 0.9494508193964539 0.9301013710008699 0.0082559274834234 120.0032436526850400 -0.0002459061114432 0.6119192781911090  1.8849554006351452 400.8590915809126600 0.0000477386524170  0.0000461660827002 0.0000472975573013 -0.0007948350046762  0.0079840569614956 0.0099484125416148 0.0176925528771797  0.0162675363629133 -0.0162064539552721
1.0065912085211695 0.9485652094486113 0.9290519340097494 0.0094835066466068 120.0075198222195900 0.0021336064535943 0.6119381561047314  1.8849554023033301 400.8610156556587200 0.0000477218833278  0.0000462828468119 0.0000473846533941 -0.0007961384647056  0.0079912789552123 0.0099460190729298 0.0176919339593591  0.0162674844380273 -0.0162068139939470
1.0051115546136709 0.9500625583526721 0.9293141851691260 0.0088515639428427 120.0094703893494700 0.0035904999049263 0.6119570343579349  1.8849554040636338 400.8632208181309700 0.0000476962387221  0.0000464064081130 0.0000474588589023 -0.0007988262582186  0.0079991798819007 0.0099435278369822 0.0176913493402007  0.0162673330367450 -0.0162071324733412
1.0040518119230997 0.9506226328742460 0.9282971148264544 0.0110527248036859 120.0119454094047300 0.0042413781649271 0.6119759127440293  1.8849554059092946 400.8654328970680500 0.0000475739650806  0.0000466535650429 0.0000476127208819 -0.0007918248069329  0.0080226932841673 0.0099352972222135 0.0176887622928506  0.0162682933426245 -0.0162076389600704
1.0011083785738002 0.9470116006032282 0.9330261453513704 0.0104119559453774 120.0080689478834200 -0.0014498137750991 0.6119947910993696  1.8849554080385689 400.8655776359710800 0.0000475000651983  0.0000467507967915 0.0000476547974355 -0.0007872017062177  0.0080372016819434 0.0099303752894789 0.0176871700986139  0.0162683087054397 -0.0162095047780334
1.0022533449095936 0.9461621892205973 0.9331674103373117 0.0092420149594338 120.0121759847713300 0.0008773143763325 0.6120136697833275  1.8849554098766876 400.8663039983712800 0.0000474174345721  0.0000468455302100 0.0000476819920278 -0.0007837450061830  0.0080511072325105 0.0099257082546028 0.0176857158914619  0.0162684932402361 -0.0162105166158311
1.0048560361438130 0.9454177975387894 0.9327329215995039 0.0102458047752509 120.0159320626830200 0.0017473619202476 0.6120325489049163  1.8849554117383636 400.8668407642920800 0.0000473212235496  0.0000469115750513 0.0000477002550375 -0.0007803373792951  0.0080679674960612 0.0099202125456531 0.0176840063836195  0.0162682431679472 -0.0162126493093840
1.0036014259447716 0.9462625933230902 0.9320996505146068 0.0096347280149852 120.0188896619071500 0.0025704873377321 0.6120514282551607  1.8849554135549487 400.8667050333708100 0.0000471961028525  0.0000470336987097 0.0000477719836263 -0.0007897042258255  0.0081140300863418 0.0099062703339315 0.0176801444639501  0.0162661142212532 -0.0162167040429047
1.0027970257815038 0.9440616167548386 0.9358114179211124 0.0099165035929274 120.0109348223272100 -0.0031471543070256 0.6120703073607221  1.8849554153564712 400.8644848822523800 0.0000471496942291  0.0000470804465004 0.0000477946452667 -0.0007954063987292  0.0081393421484480 0.0098987271964572 0.0176780143608969  0.0162647485467851 -0.0162192823393213
1.0043012433153071 0.9447785931130656 0.9377847369428711 0.0088421367238698 120.0145415999909600 -0.0004580829231410 0.6120891864523332  1.8849554171577869 400.8635397731769100 0.0000471001779287  0.0000471492562387 0.0000477914688303 -0.0008009652786735  0.0081610571752745 0.0098922672345533 0.0176762447195801  0.0162638454171050 -0.0162206305104449
1.0039458850179734 0.9460678898213905 0.9351143917073831 0.0100059295528609 120.0170409698495900 0.0011667811978221 0.6121080657468337  1.8849554188897650 400.8630626476901300 0.0000470322050051  0.0000472057439741 0.0000477867391713 -0.0008035413410918  0.0081825217426924 0.0098857802923340 0.0176743698943143  0.0162631936766233 -0.0162220674001075
1.0041663356374828 0.9479146114396476 0.9380124893176299 0.0120119257576121 120.0179472913591600 0.0040704260162580 0.6121269451375980  1.8849554210785406 400.8633275632910200 0.0000469179172017  0.0000473657461573 0.0000477675077219 -0.0008121956647805  0.0082160004597855 0.0098759492642620 0.0176717560027557  0.0162614921985371 -0.0162252024437152
1.0040441626838885 0.9462619198506177 0.9389960730934617 0.0117847484204085 120.0130212709356800 -0.0014308965000420 0.6121458243517725  1.8849554233288444 400.8632131949962600 0.0000468755845243  0.0000474374633985 0.0000477543596862 -0.0008196467744646  0.0082308274835405 0.0098718157789959 0.0176707995053196  0.0162601619510008 -0.0162272192448311
1.0068342340912966 0.9476511164939282 0.9367555487426280 0.0117293164706225 120.0143681966693400 0.0007571287899152 0.6121647035370256  1.8849554255929173 400.8631174515398400 0.0000468700782500  0.0000475268287352 0.0000477511022541 -0.0008334377919939  0.0082493355385980 0.0098668179363601 0.0176697149719619  0.0162585619318056 -0.0162280965771162
1.0077655474992422 0.9470764133369191 0.9367336899118888 0.0114195743849018 120.0161094093913800 0.0032958962609974 0.6121835827945122  1.8849554278488747 400.8641578899533300 0.0000468420029022  0.0000476165735848 0.0000477312885305 -0.0008423931209281  0.0082649366798968 0.0098625153979200 0.0176687282789322  0.0162574451350741 -0.0162289733600481
1.0066889292699919 0.9448778347390052 0.9352291722065775 0.0115893786682193 120.0172741592292300 0.0065105870203774 0.6122024620830370  1.8849554301361047 400.8664034985165500 0.0000468104167143  0.0000477418968018 0.0000477454065905 -0.0008650166014700  0.0082836812535996 0.0098578723677945 0.0176682136885479  0.0162539801933364 -0.0162328799378728
1.0046859854575476 0.9414484583244808 0.9335756172053583 0.0132106501112102 120.0120203102833900 0.0019390891661884 0.6122213411003060  1.8849554324262856 400.8690783292158200 0.0000467821715163  0.0000477708134433 0.0000477872914451 -0.0008730957813628  0.0082866335033484 0.0098573560396016 0.0176684569423778  0.0162518952392144 -0.0162369059502777
1.0074774484253228 0.9415956771105821 0.9360118642736095 0.0143596065758729 120.0147237744630400 0.0037331989359057 0.6122402203388514  1.8849554350426920 400.8731307677663800 0.0000467621908429  0.0000478131029949 0.0000478088849938 -0.0008845237418060  0.0082864033423611 0.0098578422626417 0.0176691887020926  0.0162496042330199 -0.0162405273968727
1.0087433349777462 0.9424713620076358 0.9337272212356690 0.0130089175129513 120.0159092706542300 0.0061784361670480 0.6122590995185350  1.8849554376238569 400.8769279694136600 0.0000467689998922  0.0000478534003165 0.0000478364010463 -0.0009000778102170  0.0082923473551876 0.0098567019906438 0.0176694362555991  0.0162468868658231 -0.0162441763533203
1.0081502950188244 0.9446434608035472 0.9329973839168276 0.0127201821418735 120.0176726596612900 0.0077001154698566 0.6122779788089651  1.8849554400347179 400.8813424500853000 0.0000467584728380  0.0000479449924217 0.0000479023445506 -0.0009275434502345  0.0082993480267646 0.0098556044920173 0.0176703041108649  0.0162424048373444 -0.0162496317157906
1.0081436814963958 0.9448783099794531 0.9345662666525909 0.0127480339270500 120.0109767165556500 0.0004343535048224 0.6122968577932884  1.8849554424484478 400.8835426486779200 0.0000467563331447  0.0000480283200184 0.0000479397038276 -0.0009407785810954  0.0083075511545671 0.0098536421769342 0.0176702051629243  0.0162408044526318 -0.0162504821130670
1.0077540222328214 0.9444547096862479 0.9338747557456770 0.0137310019243376 120.0126992952833500 0.0017404515645551 0.6123157367171954  1.8849554450241439 400.8850682332156900 0.0000467507956038  0.0000480938806165 0.0000479810128821 -0.0009517939181059  0.0083172620738768 0.0098512361255300 0.0176698425575105  0.0162390821035473 -0.0162524354737621
1.0107578684788379 0.9442776840060402 0.9328381977501895 0.0144479983019045 120.0121925719196600 0.0045572050009264 0.6123346154676591  1.8849554477490442 400.8873593487359700 0.0000467823513217  0.0000481607566005 0.0000480202078836 -0.0009694963206117  0.0083264567611807 0.0098492012198954 0.0176697876884899  0.0162366002490413 -0.0162546331359266
1.0124845412967263 0.9484182461026430 0.9319410577935320 0.0151052329598795 120.0124752700393300 0.0070914397646072 0.6123534940450874  1.8849554506723818 400.8908859086192300 0.0000468391577401  0.0000483257685394 0.0000481071786545 -0.0010007147369508  0.0083381796042211 0.0098467542244252 0.0176700976597571  0.0162326674159667 -0.0162570358478382
1.0118541799074170 0.9437289116917840 0.9344251779001557 0.0150749043061081 120.0070446317086700 0.0000862607048095 0.6123723723358971  1.8849554535473672 400.8930867964978100 0.0000468765940238  0.0000484012637839 0.0000481476541471 -0.0010176020324002  0.0083452207123471 0.0098452484165967 0.0176701590819525  0.0162304270965628 -0.0162586878594952
1.0095834286828558 0.9410450090591427 0.9338451389104433 0.0136442915047465 120.0072106294852900 0.0007100197818145 0.6123912504854803  1.8849554564211539 400.8942274261137300 0.0000469066010585  0.0000484466867986 0.0000481871611431 -0.0010307183032044  0.0083567426135185 0.0098424957713212 0.0176695894242202  0.0162281119071731 -0.0162618526505646
1.0133021714759738 0.9413454909766219 0.9307601295812766 0.0148098976521615 120.0086877753042500 0.0014136975380809 0.6124101285257949  1.8849554591399049 400.8943203210691900 0.0000469415556689  0.0000484799353609 0.0000482353273811 -0.0010438749065970  0.0083731194443322 0.0098384735303499 0.0176685208384146  0.0162257734571120 -0.0162651256411714
1.0127320667889648 0.9403651061630863 0.9265682844364069 0.0152956964292156 120.0100750226467600 0.0033075953306498 0.6124290065816582  1.8849554620062505 400.8940968270708800 0.0000470345609510  0.0000485447058539 0.0000483853661411 -0.0010758295441083  0.0084095856561475 0.0098296166183883 0.0176661985949559  0.0162203254963717 -0.0162724665382773
1.0077558212832092 0.9388143640009117 0.9287478045204176 0.0155602513102335 120.0055787211446300 -0.0010731385324304 0.6124478845582646  1.8849554649865876 400.8941446217639300 0.0000470571782500  0.0000485851036023 0.0000484697922579 -0.0010860346201718  0.0084201736767714 0.0098270814943896 0.0176655817881256  0.0162183073462810 -0.0162757594960005
1.0074230076439830 0.9389077581182382 0.9316543090506436 0.0155958239496874 120.0058863078480000 0.0007950829674388 0.6124667625259997  1.8849554678787528 400.8940496347341300 0.0000470642457195  0.0000486088785986 0.0000485363735999 -0.0010925847343140  0.0084355359631217 0.0098232337939591 0.0176643238031814  0.0162164708096775 -0.0162796688899239
1.0095005714052512 0.9382416238433741 0.9334655987762274 0.0162350027697494 120.0083711107529500 0.0015389174727829 0.6124856405034516  1.8849554709007827 400.8944040692589400 0.0000470697932926  0.0000486389001805 0.0000485896901029 -0.0010989553627934  0.0084492801513454 0.0098198147400039 0.0176632263173357  0.0162146872578223 -0.0162834105913374
1.0157516866914960 0.9388389970151857 0.9328578026995146 0.0146104815136323 120.0090396889158200 0.0036362498949881 0.6125045183738588  1.8849554738166583 400.8951931946992900 0.0000471697973477  0.0000486532779163 0.0000486850100010 -0.0011299389247361  0.0084811620348740 0.0098123474326139 0.0176612944852789  0.0162086769117553 -0.0162929500725262
1.0136787435145211 0.9361649838273500 0.9349101432856416 0.0132768372954365 120.0049033866796900 -0.0011309415942467 0.6125233961384347  1.8849554765326846 400.8953276861781800 0.0000472324493021  0.0000486681897406 0.0000487464578916 -0.0011484907096706  0.0084943699852428 0.0098093792275833 0.0176607398853890  0.0162056355027410 -0.0162968642191695
1.0162542430180548 0.9387506071989071 0.9354096843106359 0.0110128834067836 120.0069507810436100 0.0014708130219827 0.6125422740483959  1.8849554789009615 400.8965544961934000 0.0000473069253088  0.0000486894628344 0.0000487920662006 -0.0011713226942144  0.0085047238182213 0.0098071848522042 0.0176606573084776  0.0162024640167884 -0.0162997099952098
1.0158474747294828 0.9420060075557806 0.9348060767952677 0.0103372048915356 120.0082609714207300 0.0036858312138062 0.6125611521081411  1.8849554809576643 400.8981453178670300 0.0000473776113147  0.0000487200096048 0.0000488259741934 -0.0011933531763503  0.0085147936195433 0.0098050310800940 0.0176605775495673  0.0161996207788402 -0.0163016727952655
1.0187562120168792 0.9415555921240605 0.9338098520690262 0.0103574202569827 120.0090336404995000 0.0052629904828783 0.6125800300555913  1.8849554828991879 400.9007192041740400 0.0000475441581527  0.0000488098295853 0.0000489118060386 -0.0012416538038004  0.0085343466533395 0.0098008836084396 0.0176605729946629  0.0161941034157960 -0.0163035992214491
1.0141974362080293 0.9378496390139545 0.9347470788552119 0.0113223219730073 120.0042173479082200 0.0007312016455246 0.6125989078045496  1.8849554849780430 400.9018135650127300 0.0000476117833083  0.0000488394502126 0.0000489598238437 -0.0012612397460780  0.0085418813456795 0.0097993245733562 0.0176606150514909  0.0161915130357719 -0.0163056106540809
1.0178792523783688 0.9383789455154221 0.9344097735199675 0.0110310357347702 120.0040508125330800 0.0038048307251237 0.6126177854373071  1.8849554871443279 400.9049756168838000 0.0000476935045867  0.0000488642055485 0.0000490108843051 -0.0012828642852923  0.0085461292136459 0.0097986209620349 0.0176610516483385  0.0161886628927011 -0.0163078352775302
1.0202569578575875 0.9387986935635905 0.9348808753961718 0.0124229668134980 120.0049617693651000 0.0058148444686057 0.6126366629636324  1.8849554894417295 400.9092501039481800 0.0000477844077245  0.0000488874043201 0.0000490522255626 -0.0013060556179091  0.0085489684351727 0.0097982913659138 0.0176616862355763  0.0161855383173040 -0.0163103985672649
1.0191788023717974 0.9388355163240250 0.9356083239638725 0.0123789344270986 120.0070252541409700 0.0079513098593559 0.6126555404943058  1.8849554918895997 400.9141992832805400 0.0000479631590047  0.0000489430098440 0.0000491212616891 -0.0013515807318224  0.0085539792870109 0.0097977483739481 0.0176629923393381  0.0161794968496260 -0.0163150230681095
1.0179604558699349 0.9370573074252045 0.9389981056305236 0.0134397679875358 120.0025992139707800 0.0027357580891974 0.6126744179834297  1.8849554943044573 400.9177811194186300 0.0000480499782729  0.0000489760180439 0.0000491495837788 -0.0013750260382352  0.0085562996131962 0.0097975016380892 0.0176637070743174  0.0161764866387177 -0.0163170118935154
1.0164099105579203 0.9367721702483237 0.9378027573200032 0.0123365942472603 120.0047768327199300 0.0052385649212892 0.6126932955293908  1.8849554966177293 400.9226427409983600 0.0000481283354367  0.0000490026335448 0.0000491722022392 -0.0013960004751002  0.0085570742473574 0.0097975880711627 0.0176644725302855  0.0161737427177572 -0.0163189612443043
1.0177005990467041 0.9368661855741930 0.9337065404281408 0.0130708810668835 120.0046363277101400 0.0063041568629397 0.6127121730291156  1.8849554990244295 400.9275767808180700 0.0000482102874387  0.0000490201635619 0.0000492114828255 -0.0014170745044681  0.0085575597285013 0.0097977519553425 0.0176652560207970  0.0161707825977274 -0.0163217226753735
1.0200211290174139 0.9395384520582690 0.9333362321641239 0.0125887147509298 120.0048805057642200 0.0072127948311149 0.6127310503895770  1.8849555014799917 400.9318086696645200 0.0000483802833288  0.0000490817586792 0.0000493131773198 -0.0014590791240995  0.0085651042348478 0.0097964558334928 0.0176661113301377  0.0161652768784398 -0.0163259097390191
1.0164671377878662 0.9379119028159902 0.9359660283102160 0.0119633231428655 119.9988013425554800 0.0027614103010472 0.6127499273190655  1.8849555038822896 400.9350805591612400 0.0000484587238491  0.0000491176839285 0.0000493570974001 -0.0014767306998280  0.0085671710508992 0.0097961609088183 0.0176665435233391  0.0161629801650844 -0.0163275565938724
1.0146582936889066 0.9369583656049371 0.9384658600426759 0.0110894539254369 119.9993530931805700 0.0035697357792210 0.6127688041268496  1.8849555061386780 400.9390378607437200 0.0000485346842278  0.0000491540840339 0.0000493834636928 -0.0014929217766617  0.0085684279224372 0.0097960278897454 0.0176669731833098  0.0161609025552947 -0.0163288662619094
1.0152537007488611 0.9356546242221221 0.9387723651412192 0.0108265518027013 120.0009975276060200 0.0050042989556527 0.6127876809399251  1.8849555081723073 400.9426698583259800 0.0000486030962716  0.0000491827692177 0.0000494180346980 -0.0015073652032798  0.0085720684474297 0.0097953173049701 0.0176670954266344  0.0161590019566776 -0.0163302792323097
1.0132289914333501 0.9359639347011095 0.9389661229829172 0.0102178066464209 120.0002690400530700 0.0069082588758845 0.6128065576766670  1.8849555102110882 400.9464111673291900 0.0000487110061557  0.0000492061499797 0.0000494493281858 -0.0015258387882098  0.0085795691951939 0.0097937960900258 0.0176668640920770  0.0161557550927325 -0.0163347463683361
1.0137798521698052 0.9340806224669082 0.9402811580084105 0.0101904602553815 119.9939075012056100 -0.0012975092416708 0.6128254338293193  1.8849555121097896 400.9475699957594100 0.0000487762973763  0.0000492174488235 0.0000494668518563 -0.0015352280693662  0.0085867803294744 0.0097922349131134 0.0176663485911712  0.0161541811401658 -0.0163367860939882
1.0129228465242359 0.9358137958885231 0.9392347860923068 0.0082465156173682 119.9931062545867200 0.0008683093864269 0.6128443097516531  1.8849555139212704 400.9476726130899900 0.0000488466595741  0.0000492345071269 0.0000494908208260 -0.0015452352116787  0.0085975120265513 0.0097898617063267 0.0176654757879920  0.0161526488368205 -0.0163384887878172
1.0117246269214772 0.9365658228188248 0.9396682701931017 0.0070617557097689 119.9944316112037900 0.0022437076451919 0.6128631854578620  1.8849555153874871 400.9487260436108000 0.0000489048798078  0.0000492452978004 0.0000495095781151 -0.0015508876279631  0.0086042794100996 0.0097883712175336 0.0176648109695348  0.0161516494719490 -0.0163399096859121
1.0128241138412306 0.9356086839801918 0.9374846262460467 0.0047164375624494 119.9966860641253000 0.0050158259418248 0.6128820613022948  1.8849555164484284 400.9500073034950000 0.0000489982119178  0.0000492613750735 0.0000495539341242 -0.0015576313273484  0.0086200404444840 0.0097848607409372 0.0176631115793685  0.0161502773511385 -0.0163423179693914
1.0135426869626509 0.9330078210674134 0.9377609150940045 0.0050993501220458 119.9916291770559300 -0.0009261719694403 0.6129009370621102  1.8849555174409864 400.9503122887930400 0.0000490565089465  0.0000492625434962 0.0000495817752282 -0.0015643720673430  0.0086280678975166 0.0097831021571087 0.0176623854248637  0.0161492181474127 -0.0163437189570174
1.0165746773786237 0.9316234586748182 0.9374630929665208 0.0040815044721413 119.9937731282886900 0.0020626965226145 0.6129198127913141  1.8849555183174829 400.9515191839588500 0.0000491375124319  0.0000492595763127 0.0000496112434652 -0.0015763228462946  0.0086355253228406 0.0097815002638201 0.0176619014570000  0.0161476135021483 -0.0163452159389971
1.0177353728811256 0.9331194457633650 0.9366793081087486 0.0026144181374001 119.9945837230302900 0.0020226875514535 0.6129386886528468  1.8849555188666480 400.9528579491852200 0.0000492216259147  0.0000492484746142 0.0000496480014744 -0.0015896931817988  0.0086424688852911 0.0097800223046267 0.0176615389762573  0.0161458624674069 -0.0163468418896347
1.0186505874089491 0.9323234012379670 0.9381567488793747 0.0025822515342615 119.9942828246213900 0.0036432869002107 0.6129575644099851  1.8849555194590630 400.9531202051404600 0.0000493806010725  0.0000492214002581 0.0000497057484205 -0.0016120218012330  0.0086634432083914 0.0097754840412798 0.0176598913528961  0.0161426478447992 -0.0163505549708486
1.0196911768532786 0.9342208952256486 0.9411781296260080 0.0024521536028485 119.9920671074468900 -0.0022569927000444 0.6129764400007542  1.8849555200218591 400.9521295484922200 0.0000494740777923  0.0000492253243044 0.0000497284212589 -0.0016282499493451  0.0086737478750937 0.0097732603837446 0.0176592982980363  0.0161408047549086 -0.0163513250229660
1.0174849547281111 0.9337712885606115 0.9428287290638557 0.0008500205948243 119.9924785213280500 0.0011612482113367 0.6129953157264138  1.8849555203159214 400.9523252622439000 0.0000495659706236  0.0000492285852232 0.0000497432839503 -0.0016436273030316  0.0086832573075862 0.0097712041331064 0.0176587343134063  0.0161391371595351 -0.0163517539239107
1.0171910777294819 0.9381646273935885 0.9427745657550879 0.0006902645961905 119.9941055113263700 0.0041374294423536 0.6130141915198167  1.8849555203796304 400.9545643727509500 0.0000496447813511  0.0000492282072043 0.0000497549939742 -0.0016556853296863  0.0086872981300004 0.0097703437687267 0.0176586099591756  0.0161378378649729 -0.0163520877043657
1.0168919118982906 0.9380501347953298 0.9395145161173130 0.0014249437544068 119.9946928203281500 0.0059639346674081 0.6130330672753158  1.8849555206641921 400.9576044406176700 0.0000497871158474  0.0000492719785497 0.0000497808403805 -0.0016749332425566  0.0086956284703155 0.0097685166824970 0.0176581173080485  0.0161362168862284 -0.0163508396846234
1.0134459223740484 0.9358203514140361 0.9397619655978887 0.0033656691274758 119.9891629433495000 0.0011291448543820 0.6130519426639941  1.8849555211884417 400.9599748200718600 0.0000498543684760  0.0000493045974512 0.0000498025880463 -0.0016826511635176  0.0086969298070713 0.0097682155745472 0.0176580747490841  0.0161356446793820 -0.0163500435209692
1.0121746002302472 0.9376925381358692 0.9422608512526418 0.0034102981236330 119.9911112494809800 0.0033095861477283 0.6130708180081679  1.8849555217245866 400.9627563067747900 0.0000499137723097  0.0000493253552369 0.0000498223639690 -0.0016886265652625  0.0086993956862824 0.0097676686606966 0.0176578528191143  0.0161351156015284 -0.0163497671498778
1.0118560851795098 0.9381434878972200 0.9411181333931531 0.0036852237096917 119.9924472786490000 0.0041378786047098 0.6130896934060568  1.8849555224249532 400.9661063232183600 0.0000499648751981  0.0000493568524236 0.0000498263153207 -0.0016921060656392  0.0087001026931442 0.0097674882947569 0.0176577123116993  0.0161349469633451 -0.0163489218675479
1.0135368550921988 0.9384235946504124 0.9426445326352582 0.0036061432190225 119.9929167745184800 0.0070060655297316 0.6131085687694844  1.8849555231862312 400.9690067370145800 0.0000500658826268  0.0000494097242042 0.0000498368054994 -0.0016981220805547  0.0087054093634097 0.0097662994199727 0.0176569791457687  0.0161345417700271 -0.0163478655458622
1.0113192437066150 0.9343459736654994 0.9435891958721886 0.0049236945846563 119.9896213760490900 0.0008659917801647 0.6131274441268504  1.8849555239924429 400.9713515049549000 0.0000501223666142  0.0000494290320467 0.0000498406479347 -0.0017036441063416  0.0087083877136420 0.0097656498857229 0.0176566997974583  0.0161339701918408 -0.0163477564853998
1.0124315585359513 0.9338656824247797 0.9431647056324654 0.0044777719684482 119.9917402426321300 0.0025531202456801 0.6131463195432760  1.8849555248962282 400.9731558609696000 0.0000501802953062  0.0000494419242344 0.0000498509041030 -0.0017092045917682  0.0087136837303815 0.0097645175367302 0.0176561826992279  0.0161332812203636 -0.0163481263429889
1.0114721471395640 0.9344219351549469 0.9441996094418501 0.0057794671503408 119.9941709170282600 0.0045464131956280 0.6131651951368350  1.8849555258401960 400.9758711835102100 0.0000502345160929  0.0000494562660587 0.0000498522090189 -0.0017144912405656  0.0087162465517921 0.0097639659427447 0.0176559561265813  0.0161326247392327 -0.0163483873172319
1.0131060648804397 0.9342934134669578 0.9463926798721525 0.0061121383574712 119.9957645964658000 0.0073737114478432 0.6131840708439087  1.8849555270534535 400.9791687640681100 0.0000503258282789  0.0000494681942883 0.0000498370494226 -0.0017209465211234  0.0087211919178853 0.0097629326380960 0.0176553918390614  0.0161313352311787 -0.0163501730492960
1.0107288654250808 0.9333369935119016 0.9465424308498971 0.0064526570410581 119.9908747736380400 0.0001670390784873 0.6132029464100873  1.8849555283028701 400.9810612670816000 0.0000503683618756  0.0000494793174349 0.0000498312550380 -0.0017234273989242  0.0087249688998963 0.0097621397633732 0.0176549378284908  0.0161308339111493 -0.0163508155416436
1.0151987666920852 0.9349328309121698 0.9467845671445020 0.0075029474314308 119.9923557191825300 0.0009146452154979 0.6132218219173573  1.8849555296593810 400.9815945482478700 0.0000504295301812  0.0000494867065860 0.0000498172083970 -0.0017311283488146  0.0087326204100770 0.0097605490271632 0.0176542959764174  0.0161297248127320 -0.0163516699182682
1.0126115154610673 0.9370788441376232 0.9463198797456716 0.0067442012811852 119.9931479215036600 0.0026458419825486 0.6132406975148714  1.8849555309627968 400.9824037191046400 0.0000504896635483  0.0000495018338509 0.0000498038729568 -0.0017385410175922  0.0087400526205734 0.0097589971233364 0.0176536623843285  0.0161287857777583 -0.0163520044630303
1.0129080393713308 0.9380666750378367 0.9448375425099932 0.0076877945199217 119.9952030045313200 0.0046357867263076 0.6132595731342880  1.8849555324943024 400.9834465220110400 0.0000505959551415  0.0000495551355360 0.0000497823784665 -0.0017494274223872  0.0087527826651582 0.0097563313196460 0.0176524543237077  0.0161274951368690 -0.0163518911138154
1.0078035513652670 0.9402351880882479 0.9485168099773214 0.0076961428089065 119.9890741286326200 -0.0003883007847638 0.6132784484875004  1.8849555339545043 400.9844207771024000 0.0000506334150369  0.0000496002091401 0.0000497690070303 -0.0017504778889297  0.0087570497709099 0.0097554140830694 0.0176518734027484  0.0161275815588171 -0.0163507182952213
1.0078444009081524 0.9389770690220763 0.9483954494789807 0.0087559379054998 119.9901488245904900 0.0015627601673216 0.6132973236533150  1.8849555354586063 400.9857903985430300 0.0000506591207365  0.0000496386272925 0.0000497466318454 -0.0017469395211477  0.0087609628821784 0.0097545843055329 0.0176511427236720  0.0161280196142772 -0.0163498862857263
1.0047762376670073 0.9400693731289145 0.9462349594782120 0.0076255424001296 119.9922754543911500 0.0026544637297718 0.6133161988668155  1.8849555370836260 400.9868542625266100 0.0000506867697669  0.0000496738746554 0.0000497314682183 -0.0017443187239070  0.0087657685368101 0.0097535815723052 0.0176503623589815  0.0161282805045704 -0.0163494183481840
1.0069690900437809 0.9424152273945075 0.9460615509608102 0.0082962042586017 119.9931201412399700 0.0049183658919295 0.6133350741701603  1.8849555385486909 400.9877616693860300 0.0000507157351456  0.0000497642362059 0.0000497073849782 -0.0017341006359423  0.0087763430632715 0.0097513722969879 0.0176484982818077  0.0161296911761955 -0.0163471270832088
1.0050447974674099 0.9388417220235004 0.9519780342812227 0.0086606659009966 119.9907202947813800 -0.0016009793395408 0.6133539494569326  1.8849555402593672 400.9873902365896500 0.0000507375640121  0.0000498027242607 0.0000496781250690 -0.0017318995724331  0.0087826367433466 0.0097500813337010 0.0176476084188779  0.0161299531551687 -0.0163463462170245
1.0040818017994400 0.9404756316198868 0.9498134746313482 0.0094241898195353 119.9907644242957000 0.0003608541985025 0.6133728248788374  1.8849555419384190 400.9878101423838100 0.0000507448307007  0.0000498399879670 0.0000496465365328 -0.0017252528341429  0.0087873265269596 0.0097491261511320 0.0176467132477231  0.0161306725303098 -0.0163455360687119
1.0050833434732418 0.9398602692070074 0.9477379034267177 0.0078629901721551 119.9934579075946000 0.0018541739885505 0.6133917002205781  1.8849555435970562 400.9880432726542400 0.0000507556483226  0.0000498835951239 0.0000496259697052 -0.0017192353189345  0.0087939399658478 0.0097477847861207 0.0176456340767762  0.0161313805354771 -0.0163446044601179
1.0047615659958491 0.9384413651453816 0.9524114900386903 0.0086782490416929 119.9971970175198100 0.0038226296897748 0.6134105759296443  1.8849555451738647 400.9886900318874700 0.0000507712411214  0.0000499507683760 0.0000495608997735 -0.0017081781539321  0.0088067270706952 0.0097452266959387 0.0176436343802762  0.0161325526066555 -0.0163431527321197
1.0032202545905153 0.9357162451329296 0.9538477241396021 0.0085308249777842 119.9908478868203300 -0.0026702015176626 0.6134294514270913  1.8849555468468722 400.9873671577896100 0.0000507824473400  0.0000499761791620 0.0000495263045700 -0.0017023551443326  0.0088142652285215 0.0097437398144801 0.0176425021465353  0.0161330384920618 -0.0163429001582438
1.0020351826005889 0.9373546714768943 0.9492748578544331 0.0073457872783026 119.9951004895183400 -0.0012171833865709 0.6134483271671488  1.8849555483200440 400.9866997234523800 0.0000507811691745  0.0000500000666016 0.0000494969369853 -0.0016948864689356  0.0088205048048217 0.0097425190694633 0.0176414676940113  0.0161337353712095 -0.0163425691621364
1.0006072486653281 0.9378532687646087 0.9459793931351336 0.0081414608820291 119.9963555217762900 0.0020175693005844 0.6134672030897453  1.8849555498200852 400.9861439584856800 0.0000507682401321  0.0000500286446072 0.0000494758741216 -0.0016853000864770  0.0088278344305220 0.0097410945902231 0.0176402498623728  0.0161346922855960 -0.0163421319733324
1.0027787226716369 0.9408243783581007 0.9450697766719317 0.0070731345750676 119.9977680359503600 0.0050130863941980 0.6134860790783853  1.8849555513243310 400.9874357092348300 0.0000507484496676  0.0000500992444855 0.0000494523872713 -0.0016683562786883  0.0088364001612534 0.0097394234727502 0.0176385082042840  0.0161365725211749 -0.0163406955129756
1.0024489686971463 0.9394617174891858 0.9464958577536079 0.0080893017783465 119.9957020059557500 -0.0012600359390375 0.6135049550696645  1.8849555528185782 400.9878339868478700 0.0000507521465630  0.0000501357515382 0.0000494392686816 -0.0016645176478729  0.0088410765931030 0.0097385070422437 0.0176377935268221  0.0161370249585322 -0.0163400032609390
1.0041819687026128 0.9416511328931975 0.9480899603445236 0.0097037853215505 119.9973571246148400 0.0019873967181151 0.6135238313435770  1.8849555545115231 400.9889207140803900 0.0000507610317345  0.0000501762726531 0.0000494221259191 -0.0016624918690542  0.0088443956452358 0.0097378486254633 0.0176372932612440  0.0161373209528892 -0.0163391386074232
1.0039220463651153 0.9425472535448322 0.9485287399198937 0.0107604368594476 119.9996126632651800 0.0032812600854623 0.6135427078538491  1.8849555564920282 400.9908418093501200 0.0000507689438822  0.0000502284795968 0.0000494020537651 -0.0016614079342757  0.0088478231922155 0.0097371652826393 0.0176368346580180  0.0161376050780356 -0.0163378589259689
1.0026519425044322 0.9424957880189616 0.9480458964829536 0.0092981624780066 120.0023034980107200 0.0053491612567553 0.6135615843075849  1.8849555585115600 400.9930030460435000 0.0000507649607584  0.0000503173753090 0.0000493540182921 -0.0016538563599326  0.0088542006133659 0.0097359246858259 0.0176357633488770  0.0161385694415173 -0.0163358367700615
1.0028097819435535 0.9394568905235275 0.9495043060960160 0.0101735695246646 119.9992238545927400 -0.0000638574402489 0.6135804609228375  1.8849555603847086 400.9936465107096500 0.0000507597507704  0.0000503550771246 0.0000493301642520 -0.0016501971147652  0.0088589516697412 0.0097350181243734 0.0176350883503922  0.0161389394428097 -0.0163352086169920
1.0053370831013488 0.9363486257865050 0.9452540247884860 0.0098578483713938 120.0014367554378900 0.0023093632226061 0.6135993376890204  1.8849555622414349 400.9959473313387500 0.0000507673005867  0.0000503738679437 0.0000493120842783 -0.0016506360882385  0.0088618942384713 0.0097344618250132 0.0176347817550083  0.0161386838514110 -0.0163354878227439
1.0056896267536382 0.9364750614494818 0.9458180389342654 0.0098304073588329 120.0030271522926900 0.0046204595882612 0.6136182145831111  1.8849555641833080 400.9988391634124100 0.0000507801954720  0.0000503903624366 0.0000492986775508 -0.0016521047467996  0.0088640956455506 0.0097340437600836 0.0176345798621986  0.0161382780745095 -0.0163359811933182
1.0069157708214940 0.9378787196711655 0.9436805326525872 0.0085562381958489 120.0046292201685700 0.0055415287556154 0.6136370915627113  1.8849555659110384 401.0012799973695200 0.0000508024278754  0.0000504299535578 0.0000492760077327 -0.0016554227712730  0.0088712007289105 0.0097326905821811 0.0176339142876026  0.0161375646937317 -0.0163365163999812
1.0050022059518113 0.9346230013832544 0.9449579138940416 0.0086258965224317 119.9993601582432300 -0.0018424545761970 0.6136559683493156  1.8849555676709910 401.0016031906798200 0.0000508123424150  0.0000504424822391 0.0000492704395080 -0.0016563642704285  0.0088766893045345 0.0097316636930759 0.0176333623077734  0.0161372080324190 -0.0163371482869351
1.0068557197032142 0.9354067761603787 0.9422501750754655 0.0076698469960225 120.0015110490283400 -0.0005963123309186 0.6136748451646265  1.8849555692779694 401.0014772754051900 0.0000508241653748  0.0000504576222422 0.0000492711324220 -0.0016579073550127  0.0088826043679351 0.0097305573316975 0.0176327990717043  0.0161368579634129 -0.0163376115826934
1.0031981356205621 0.9363126906619409 0.9423340771018451 0.0071148872614060 120.0037253380935300 0.0018408911119942 0.6136937222113366  1.8849555706649339 401.0008960476913000 0.0000508230009529  0.0000504733296016 0.0000492770215141 -0.0016567663468743  0.0088898065432451 0.0097292247923952 0.0176320120381957  0.0161368282445510 -0.0163379771802506
1.0045320176603347 0.9362304782712889 0.9409578155029952 0.0063224500929336 120.0045960840642200 0.0042019826145053 0.6137125993116697  1.8849555720424243 401.0016576685363200 0.0000508195230231  0.0000504936443978 0.0000492861751469 -0.0016530350520093  0.0089004310497649 0.0097272858675296 0.0176307636292998  0.0161368043164928 -0.0163391409989667
1.0019914162352030 0.9336857080192630 0.9428134199944090 0.0061519671615880 120.0008409102366200 -0.0010563135057302 0.6137314761650767  1.8849555732624479 401.0009549459919600 0.0000508173898052  0.0000504990277142 0.0000492894487072 -0.0016511813790747  0.0089058713931584 0.0097263018194806 0.0176301380394555  0.0161367793829514 -0.0163397943965909
1.0064304700595836 0.9330130596760466 0.9461445737525585 0.0072978827496646 120.0034450296790300 0.0003486851326386 0.6137503533356872  1.8849555745085180 401.0014187810155600 0.0000508215348121  0.0000505020494697 0.0000492833527536 -0.0016514647802845  0.0089115365941781 0.0097252761183470 0.0176295874395188  0.0161365040394958 -0.0163404701223016
1.0067049112878450 0.9338373683137152 0.9492601268726867 0.0075298285570103 120.0065608899493600 0.0029475708193926 0.6137692307397641  1.8849555759554730 401.0022439401964800 0.0000508334541707  0.0000505048952312 0.0000492707601113 -0.0016545223432678  0.0089168792136602 0.0097243083907446 0.0176291954420721  0.0161358754892322 -0.0163412955926292
1.0080123095703044 0.9335132880041148 0.9467170760513058 0.0082920492832503 120.0087480066724100 0.0051863042632929 0.6137881082927320  1.8849555775736686 401.0035816626734100 0.0000508621073915  0.0000505122522931 0.0000492326750194 -0.0016622049520603  0.0089258658349169 0.0097226886327221 0.0176286558991291  0.0161344075122751 -0.0163429395624962
1.0055525005278463 0.9307375011506696 0.9483509465779946 0.0081573781753675 120.0040980856407300 -0.0014879685951304 0.6138069857134380  1.8849555791322754 401.0035158896907300 0.0000508740965832  0.0000505031615448 0.0000492194614429 -0.0016652688299971  0.0089314746710746 0.0097216932050530 0.0176282522916143  0.0161336340577715 -0.0163443271338986
1.0064683785366864 0.9316659005519171 0.9502702610837877 0.0076519941439211 120.0070622843234800 -0.0000515590353291 0.6138258633616125  1.8849555806210352 401.0034561117870500 0.0000508901717346  0.0000504958478939 0.0000492013838522 -0.0016703698519842  0.0089370528733423 0.0097206942454410 0.0176279315303304  0.0161326678726698 -0.0163455956208004
1.0081731206056106 0.9351029582708730 0.9505684589792119 0.0068897637109080 120.0099547080652500 0.0013390301392375 0.6138447411931329  1.8849555819595576 401.0030204878026400 0.0000509084588719  0.0000505018517992 0.0000491744276029 -0.0016764769195394  0.0089439175160138 0.0097194467681754 0.0176275100384116  0.0161318249336710 -0.0163459229168782
1.0087335599338083 0.9360896541271144 0.9493217835401074 0.0076747932629635 120.0126884656977500 0.0048701623418502 0.6138636194115030  1.8849555834726532 401.0036786145773800 0.0000509371161567  0.0000505143333317 0.0000491309374014 -0.0016898008229812  0.0089553102462904 0.0097173887673368 0.0176270043647466  0.0161299550246379 -0.0163469050662692
1.0061056987914685 0.9347495178539860 0.9513202183331049 0.0076418074321586 120.0079600385198700 -0.0000186940798811 0.6138824975376764  1.8849555849756414 401.0046974091192200 0.0000509411367657  0.0000505248490215 0.0000491054401529 -0.0016941832787941  0.0089587817160825 0.0097167718825532 0.0176269005546777  0.0161293207399121 -0.0163470903074568
1.0088808302046972 0.9333823145492221 0.9502203411322728 0.0076964615859116 120.0108895840194400 0.0014409922423145 0.6139013757841974  1.8849555863482055 401.0061056397809700 0.0000509509786734  0.0000505404083825 0.0000490821800205 -0.0017003445835542  0.0089630093228955 0.0097160050476509 0.0176267787994966  0.0161286003217407 -0.0163469543301426
1.0096304949738379 0.9346027521512552 0.9484830024432067 0.0058577125247390 120.0110601677561100 0.0044615778385909 0.6139202539833982  1.8849555875259569 401.0083838037510900 0.0000509724023384  0.0000505468428400 0.0000490624071230 -0.0017093019699913  0.0089661170192594 0.0097154276290420 0.0176268698140448  0.0161275100232254 -0.0163472155535279
1.0125548159206166 0.9370548749157902 0.9458797421110383 0.0047992989320552 120.0120660737099500 0.0058077345335418 0.6139391321427518  1.8849555885719746 401.0110838245267900 0.0000510236571237  0.0000505664826700 0.0000490362579877 -0.0017289535706875  0.0089729383172294 0.0097141465738722 0.0176270280547614  0.0161252845398152 -0.0163474180850267
1.0120781278691233 0.9326182596515205 0.9492420655637740 0.0054189653243882 120.0040436196951000 0.0006893385851711 0.6139580098442250  1.8849555896127996 401.0125324179099900 0.0000510561450990  0.0000505754943615 0.0000490239168131 -0.0017389958994450  0.0089758969546140 0.0097135779926615 0.0176271217825578  0.0161241344320059 -0.0163475847902340
1.0112968127498809 0.9339360967991581 0.9499023072258883 0.0046734793915844 120.0034803198997100 0.0027474987690800 0.6139768871637987  1.8849555904987758 401.0150328851623800 0.0000510903787680  0.0000505779445281 0.0000490045080946 -0.0017483964145424  0.0089785636119216 0.0097130650303446 0.0176272051651595  0.0161230098618575 -0.0163478576841857
1.0128848679954412 0.9340756540528672 0.9485731195644119 0.0033809969971189 120.0041088890239300 0.0051039404538177 0.6139957642796402  1.8849555913139924 401.0181489121894200 0.0000511188641411  0.0000505867616434 0.0000489853837678 -0.0017554711418877  0.0089803995316767 0.0097127017001578 0.0176272632447712  0.0161222119818956 -0.0163477878958798
1.0155093612355834 0.9373241707971926 0.9504813495049398 0.0017107974550842 120.0065916275954100 0.0074394304987363 0.6140146414240504  1.8849555918666918 401.0225418150729400 0.0000512047923407  0.0000506102877227 0.0000489433086158 -0.0017777501845958  0.0089832085212397 0.0097120741384039 0.0176277748294118  0.0161199806813666 -0.0163469423786985
1.0126264686089883 0.9342736111525458 0.9525017313942804 0.0037125248051623 119.9994796099669700 0.0027087318636317 0.6140335183205319  1.8849555925746508 401.0259819905679100 0.0000512483517974  0.0000506189438391 0.0000489228794850 -0.0017880875074774  0.0089844591681143 0.0097117947333503 0.0176280060291368  0.0161188529075034 -0.0163468495163343
1.0110908561663552 0.9344649383068212 0.9511451336670096 0.0033119429909009 120.0013434716999100 0.0045054428721717 0.6140523951011973  1.8849555933061641 401.0305719158164400 0.0000512848881430  0.0000506237381774 0.0000488975187477 -0.0017962441553036  0.0089838305067743 0.0097118570886513 0.0176283482000977  0.0161178990126621 -0.0163468832817567
1.0114287654529290 0.9361852081393470 0.9496731824536020 0.0006990499643046 120.0030451944709300 0.0061500612200460 0.6140712718919605  1.8849555936929905 401.0350125151301200 0.0000513087607622  0.0000506367810209 0.0000488804159221 -0.0018011257022251  0.0089834859059520 0.0097118770002421 0.0176285293004259  0.0161174606309690 -0.0163463649144188
1.0106955315140451 0.9357801303199143 0.9488589149170696 0.0009974043693738 120.0035112324183300 0.0078110000091005 0.6140901486513518  1.8849555938814466 401.0399290090593900 0.0000513671621674  0.0000506566451397 0.0000488455467016 -0.0018133228129550  0.0089841356312040 0.0097116725711044 0.0176288448101751  0.0161163171483874 -0.0163454402919667
