0.0004829933800230 0.0003580406220407 0.0001551256694090 0.0215709763697762 0.0226078744952058 -0.0494428424867692 0.6108652559233782  1.8849555945253802 399.9463522261736400
0.0006389962840347 0.0007632998962785 0.0004702796995212 -0.0207050201606217 9.9502775382497521 0.0557022582883906 0.6108660448510177  1.8849555957021773 399.9441699565962300
0.0007309566587995 0.0011894324368911 0.0005057993045127 -0.0142217635013652 20.0325408434060890 -0.1208563645554599 0.6108684001636048  1.8849555924659493 399.9083745734312700
0.0009004199032027 0.0014477808196641 0.0005463222970566 -0.0007117458478478 29.9045470419303070 0.1266434782656530 0.6108723270167162  1.8849555900960626 399.9672251279414500
0.0012025015444150 0.0020107128447679 0.0008140644808760 -0.0352703745694597 40.0385340364987600 -0.1339803133565531 0.6108778344328920  1.8849555840362011 399.8435231252261100
0.0015521708695591 0.0021149450412147 0.0010185451366331 0.0251474222048658 49.9311048640786480 0.0637106479019629 0.6108849006162662  1.8849555877071127 399.9371305085695700
0.0017663161216189 0.0024739633447193 0.0011982952270358 -0.0228319952848483 60.0267308232976400 -0.0060274787005085 0.6108935604824679  1.8849555793408317 399.8922415578717800
0.0018833726045377 0.0030159169300543 0.0015333855245171 -0.0224170148141275 69.9772901566135200 -0.0073117128999611 0.6109037761396053  1.8849555713740083 399.8758289999500400
0.0017369053652555 0.0031648665767617 0.0018061568770292 0.0058949148985910 79.9939549895078700 0.0073603698610308 0.6109155736963975  1.8849555751515086 399.8831050066837100
0.0022260713937872 0.0035445674860223 0.0019446662099297 0.0026388783787604 89.9833203651855060 -0.0031889237569523 0.6109289384320389  1.8849555715006598 399.8543031297335200
0.0026432969206265 0.0040344766629330 0.0022007635731162 -0.0048879379685913 99.9898644046407410 -0.0068696177978857 0.6109438799980017  1.8849555653748360 399.8266547127855100
0.0029480636535194 0.0043960627860779 0.0024106421251158 -0.0040567943521207 100.0192776080297800 0.0065505333487141 0.6109596141221667  1.8849555654815482 399.8250235850174500
0.0037728730999902 0.0045801455089418 0.0026385281300921 -0.0225062209644890 100.0107505199047900 -0.0397112040537425 0.6109753419021985  1.8849555631654542 399.8078024966018800
0.0041351030397088 0.0048776681444215 0.0028437944824049 0.0233358288200214 100.0002121549274200 0.0588776669799114 0.6109910667501655  1.8849555653671368 399.8503391121323000
0.0041420608056938 0.0052277141137799 0.0029971171075415 -0.0079840045218759 100.0101481937431900 -0.0493106488071894 0.6110067994966856  1.8849555617060805 399.7773214616477200
0.0043746840021165 0.0057256647786890 0.0032002499630644 -0.0052314516140601 99.9918789400754950 0.0219803030248832 0.6110225201685047  1.8849555589714284 399.8256662359997300
0.0046937878168245 0.0059517946618149 0.0036498329444814 -0.0104903847272334 99.9972663589188780 0.0019388204285929 0.6110382492294983  1.8849555536576343 399.8019644778123600
0.0049539210575068 0.0061060531185523 0.0038598963530782 0.0142819237948195 100.0012583421831600 -0.0160404957578162 0.6110539784596489  1.8849555579446478 399.7544181797396200
0.0051706732482840 0.0063034145471793 0.0039987322496016 0.0112091505620819 99.9985996805027640 -0.0019659708884794 0.6110697049561826  1.8849555556317450 399.7557936736063800
0.0056176905318074 0.0070349180815848 0.0042244078522217 0.0099400219106348 100.0103884478932500 0.0027552589059838 0.6110854380665443  1.8849555529554691 399.7471494637101700
0.0062018560595073 0.0076596318322502 0.0044095831865089 -0.0106874515988374 100.0168099013871200 -0.0053316834137627 0.6111011705210139  1.8849555394765545 399.7067168261963800
0.0066116604825913 0.0079191978255105 0.0047762684021937 -0.0094981897356884 100.0109408199299400 -0.0006037940694578 0.6111168979444656  1.8849555329032064 399.6946703056673300
0.0067528649110684 0.0080075817381831 0.0048770646940096 0.0034168169996223 100.0136560981915500 0.0116040759796090 0.6111326285240524  1.8849555330592400 399.7097011372694100
0.0069684249881630 0.0080626434314244 0.0051231802959096 0.0027704590205441 99.9976117765388320 0.0146081773393175 0.6111483502837715  1.8849555277223087 399.7071511938141800
0.0072438075028386 0.0085392319420179 0.0054910303313864 0.0013223786167651 100.0086443390050900 0.0045698002103176 0.6111640830620539  1.8849555216547780 399.6534197874801200
0.0075348712859385 0.0088329450901672 0.0057754686395885 -0.0076899989213355 99.9967866559801450 0.0117900474608779 0.6111798058633472  1.8849555105548843 399.6572548741012800
0.0080283942551240 0.0094414202627598 0.0061737869969753 -0.0035672109140478 99.9971928944649310 0.0070187772866876 0.6111955330722281  1.8849555058278871 399.6160314300460600
0.0084089053806802 0.0097760385079464 0.0064179952984435 0.0033454681601705 99.9932723797507350 -0.0047353221311551 0.6112112580772701  1.8849555034162828 399.5357813946705500
0.0087871371897716 0.0101129448257734 0.0065279268305658 -0.0062658508754682 100.0074997192976100 -0.0037982155444408 0.6112269919443567  1.8849554924356358 399.4974713876763400
0.0090334185302986 0.0104323623466989 0.0063876844648227 -0.0050270569262992 100.0024706535268300 0.0041409728853160 0.6112427176891149  1.8849554860812088 399.4940130384942400
0.0091303453760399 0.0105728744159132 0.0065200956025351 -0.0075389798324864 99.9938588071677970 0.0084657297515915 0.6112584407443771  1.8849554778210915 399.4801082550796400
0.0094707235823736 0.0107520349286830 0.0065442096972841 -0.0128605880595580 100.0050452633982900 0.0088959176940033 0.6112741731709096  1.8849554673815208 399.4482134121682900
0.0101257163769287 0.0110117857756465 0.0066767707422903 -0.0052027992224704 100.0179518246941100 0.0057086092877825 0.6112899084371304  1.8849554634898105 399.3940213284273600
0.0104279405395702 0.0115431767714724 0.0070474319057901 0.0041624740571338 100.0081972604322000 0.0104641851690714 0.6113056328796094  1.8849554621820446 399.3799419967896300
0.0108478608877276 0.0118395403347306 0.0070358328661278 -0.0083906528317010 99.9966219133387280 0.0025402745915134 0.6113213547271285  1.8849554493196539 399.2964937894732900
0.0110657275053771 0.0122771853039341 0.0072055570838008 0.0030756527883596 99.9969590938042780 0.0098076041589865 0.6113370814748449  1.8849554485510789 399.2941529483591700
0.0114893599692723 0.0126718365824929 0.0075787038775510 0.0104396685561668 100.0162187238844600 0.0153546230555153 0.6113528194470006  1.8849554473083583 399.2863131565947000
0.0117600759907854 0.0132099088142027 0.0075497008266569 0.0186880797030323 100.0158685130933900 0.0122669130622146 0.6113685488823718  1.8849554478634687 399.2282208180151300
0.0120134196576722 0.0134696625370757 0.0079548062015195 0.0174792558268296 100.0106482206466200 0.0070817443766354 0.6113842752864107  1.8849554440907381 399.1519254330166900
0.0122671691239899 0.0136804091235710 0.0084188234904286 -0.0039497159152068 100.0093564524394300 0.0033601155187702 0.6114000032256418  1.8849554269897508 399.0769282572487100
0.0125561403853652 0.0141404664746641 0.0084857070496295 -0.0056461082643610 100.0011346989403600 0.0096619291309153 0.6114157266174756  1.8849554182880652 399.0670358074936500
0.0129692138822128 0.0142743212963801 0.0086278469823638 -0.0031578310392347 100.0146736229103800 0.0105636363454082 0.6114314621024588  1.8849554118359984 399.0238409512191400
0.0130177334455420 0.0148814088248471 0.0089879458258053 0.0046344146987718 100.0053698393333500 0.0075193817002367 0.6114471855359439  1.8849554092933589 398.9521133301795400
0.0134642165361945 0.0149250007385021 0.0093109306279161 0.0065202848830269 100.0050512571775700 0.0104271635461971 0.6114629130238107  1.8849554040974767 398.9188673535863400
0.0138207155735419 0.0149474472436098 0.0095250979320633 -0.0031348767516417 100.0010512880372000 0.0096240002059671 0.6114786382863943  1.8849553913224173 398.8597110744710200
0.0142567665723917 0.0152468540397245 0.0098951270220439 0.0164784677630769 100.0016675584047200 0.0071619863869862 0.6114943657474663  1.8849553967517567 398.7861264152859900
0.0146503351839154 0.0155063956600769 0.0100207451080875 0.0086899796149632 100.0010033571221000 0.0101420169625727 0.6115100925546384  1.8849553867737587 398.7502547466045300
0.0149482559705899 0.0154042312183060 0.0103039295537133 -0.0024611508010091 100.0073772249643400 0.0094868073769983 0.6115258236952136  1.8849553728315518 398.6881825626450100
0.0152378235522130 0.0159148361888379 0.0104265935298771 0.0097129062233390 99.9954582429343620 0.0130779196438948 0.6115415440847188  1.8849553733596132 398.6589754395897100
0.0155547361234390 0.0161431931429796 0.0105322439235378 0.0041766110965064 100.0029249734038500 0.0131457628897095 0.6115572752249855  1.8849553631872302 398.6019729523798700
0.0159839446879797 0.0165988145629746 0.0106395763519308 0.0024605218069879 100.0118924395276400 0.0186010200728932 0.6115730084558154  1.8849553545894555 398.5898688671428500
0.0161337582658909 0.0171579063950698 0.0107750823158955 0.0046400994937723 100.0117961315381500 0.0143131014820439 0.6115887372275463  1.8849553484733415 398.4992603543626000
0.0163997535620059 0.0172567912985101 0.0109829294361663 0.0208835640967222 100.0066998914948600 0.0110557804265795 0.6116044626426909  1.8849553529478287 398.4120803325724300
0.0164060431647980 0.0177092308367106 0.0110244867856129 0.0137275689725610 100.0057051708419900 0.0122723733105958 0.6116201900155215  1.8849553430824837 398.3599569520627000
0.0166885536599261 0.0181906863426690 0.0111910344096780 0.0157180733645023 99.9994744150788790 0.0154724791732848 0.6116359137953453  1.8849553384965037 398.3248430275700100
0.0169296710092965 0.0183483575355494 0.0113505308977143 0.0008510076340671 100.0026946414642900 0.0152545479095573 0.6116516427759777  1.8849553214487240 398.2634405351469100
0.0171179521880511 0.0187015944234433 0.0114659004728528 0.0042022796691594 100.0094441579825900 0.0176545936714415 0.6116673747360978  1.8849553154384584 398.2244091674684200
0.0171069599661874 0.0191915241907839 0.0116055510832846 0.0023642072214228 100.0132585550705900 0.0202744712517724 0.6116831057198805  1.8849553059322164 398.1879307307543200
0.0172200617809245 0.0194203674383323 0.0117999479505196 -0.0002289117515388 100.0080524011568200 0.0237236377946873 0.6116988312430882  1.8849552953398314 398.1625487735451000
0.0173492401033530 0.0198014459690905 0.0115589979578649 -0.0060485228438404 100.0134754309257900 0.0227993296882922 0.6117145631053782  1.8849552816542676 398.0977021216899600
0.0177659199780816 0.0202423187578733 0.0119674892716743 -0.0024155952053561 100.0110572860813500 0.0203047323241428 0.6117302906629382  1.8849552741793603 398.0163726556936000
0.0180639159298843 0.0207805593598058 0.0121473178287861 0.0020610507452345 100.0051265213394300 0.0184115291047384 0.6117460153845754  1.8849552677910961 397.9376397108580400
0.0184027054806800 0.0211764768947828 0.0123376382126346 -0.0012022926597045 100.0001105137598500 0.0201195251641513 0.6117617399107544  1.8849552561701359 397.8901736119781800
0.0183647868609386 0.0219107044693948 0.0126558876185229 -0.0016067820443599 99.9956299721254850 0.0181930008473753 0.6117774639198408  1.8849552461958756 397.8078815208014600
0.0188912745601741 0.0222797230103171 0.0128303847698585 -0.0012022743383669 100.0037623845239800 0.0171414270039849 0.6117931957109315  1.8849552364504065 397.7314405799253900
0.0193611303031180 0.0226395133221627 0.0128519837822318 0.0050546111886882 99.9975090215649230 0.0182688135904446 0.6118089190889582  1.8849552313750391 397.6760880908726100
0.0196682193859745 0.0229652319462926 0.0134746204355560 0.0019061153979516 99.9982790815917610 0.0173823859454855 0.6118246462817516  1.8849552199110382 397.5999858714079700
0.0197911969817915 0.0231432374364338 0.0137488771768307 0.0164047759289574 100.0032433340153200 0.0204294136460646 0.6118403765424874  1.8849552219756023 397.5621091204888600
0.0200080189745221 0.0235098948637869 0.0141025683026570 0.0096291356010033 100.0005985756918100 0.0250869426891436 0.6118561023235770  1.8849552096727549 397.5427514544721800
0.0201925351569458 0.0240924597704119 0.0143870160350794 0.0022834411789932 99.9996104413379920 0.0227113881473390 0.6118718288237549  1.8849551955353994 397.4567911526006600
0.0204912290365928 0.0241531816884833 0.0147472913935104 0.0246234805296856 99.9903813609349470 0.0255305533352152 0.6118875495660950  1.8849552039798718 397.4213749176300900
0.0205641526141733 0.0241933001780063 0.0149784443181411 0.0131365320254071 99.9945117143751790 0.0221011126383329 0.6119032780381901  1.8849551892040890 397.3227665563251800
0.0208756607420437 0.0241901550479992 0.0150983250941547 0.0149691932739806 99.9929058200572030 0.0260370771755716 0.6119190032299583  1.8849551830899778 397.2971769861224500
0.0210063657909861 0.0245424154418624 0.0154192987703169 0.0172446417896458 99.9982437191450940 0.0294788815443372 0.6119347329422423  1.8849551775958588 397.2703520939696200
0.0214740888039347 0.0248953420312661 0.0153508649872563 0.0095163659807055 100.0006953674391600 0.0242762556107884 0.6119504614717957  1.8849551641551834 397.1526895445165900
0.0218096714445426 0.0251890007294537 0.0156195995535400 0.0058589332834560 100.0066755245433100 0.0231828816520264 0.6119661928631947  1.8849551525427215 397.0740252280757000
0.0221476844628640 0.0257188985286786 0.0157751898255468 0.0032818973526783 99.9997545871214160 0.0248532916517085 0.6119819163897032  1.8849551409430845 397.0239399166900400
0.0259902876579362 0.0221600627476036 9.0010622550774517 -15.6055937221305160 98.7897459437345870 -0.0669386073327280 0.6119975845453368  1.8849536448712267 396.9991361558056200
0.0296879408069066 0.0180121622972353 18.0012587779203450 -30.8689938412991540 95.1078702023000060 0.0635992564977548 0.6120128642998064  1.8849491750235918 397.0262699780387300
0.0324656946716170 0.0134391023417445 27.0015689296579320 -45.3671167602493950 89.1365673013820010 -0.1057940822594474 0.6120273857997775  1.8849418625058165 396.9022826342959400
0.0342802069791960 0.0085305249151849 36.0017899673382540 -58.7425814928044830 80.8859203718014330 0.0617378934892019 0.6120407768504813  1.8849318689745083 397.0164264975413700
0.0352481417947554 0.0035203256364212 45.0019422211133320 -70.6811261989260370 70.7180723819251540 -0.0383168478243836 0.6120527250365700  1.8849194581101902 396.8874515182741300
0.0355120185584426 -0.0018434485436536 54.0021501062234320 -80.8750966075943580 58.8049461194197040 0.0116871321897377 0.6120629363402603  1.8849049259310326 396.9439089324802100
0.0350645919246578 -0.0073356370542150 63.0027777681278920 -89.0727311968895920 45.4241851230370770 0.0160208367280022 0.6120711474952409  1.8848886322390368 396.9499959448128800
0.0337281535183600 -0.0127364153756099 72.0029705705990750 -95.1103769341541750 30.9371922288789460 -0.0133253735878140 0.6120771645224955  1.8848709645444199 396.8803352019758700
0.0314235506985745 -0.0177040836944884 81.0028741750458750 -98.7725030025757180 15.6842988991821280 0.0016069398471150 0.6120808377503347  1.8848523773474224 396.9004509108026500
0.0285087781824315 -0.0221044869939590 90.0031360607878530 -100.0083704819066700 0.0266064859319385 -0.0025055660849541 0.6120820679400366  1.8848333205800074 396.8893126238501200
0.0288426604368696 -0.0218204815078717 90.0182835604837520 -100.0070149864175300 -0.0064748542610305 0.0075628835003498 0.6120820620360808  1.8848141887485885 396.8973492409213000
0.0291545257692419 -0.0217217596671854 90.0186687238613960 -100.0051283890819600 0.0061643840234572 0.0073373381933050 0.6120820653740323  1.8847950606801531 396.8503539104180500
0.0293972260434495 -0.0216760173697396 90.0189802236973410 -99.9998258162772660 -0.0016636751730792 0.0058589890722216 0.6120820609038492  1.8847759359888334 396.7923966292541400
0.0297828270301069 -0.0213655727642120 90.0192906182955990 -99.9920973616423230 0.0062327810024786 0.0046151861722054 0.6120820632397570  1.8847568149985896 396.7173479287931700
0.0302856682252069 -0.0211454720777606 90.0194616292261430 -99.9964106334755770 0.0097301466474443 0.0159134086437706 0.6120820631598813  1.8847376817709949 396.7453813585252600
0.0306587447754638 -0.0208809833680358 90.0196669099767060 -99.9977564979595850 0.0005549218839882 0.0180695233395951 0.6120820574519080  1.8847185506534951 396.7107962938943000
0.0308855665258714 -0.0205547809545927 90.0200888050967340 -99.9987224388751910 0.0060462588006587 0.0216727666530768 0.6120820580624712  1.8846994201785094 396.6819125355663100
0.0316291144990880 -0.0203119297879407 90.0202503631602010 -100.0063217319529500 0.0010044290441982 0.0234545889510909 0.6120820529932038  1.8846802834632226 396.6437087719096400
0.0318785814313738 -0.0198893157062579 90.0206278598286220 -99.9959922136055040 0.0091314888317309 0.0232777155723632 0.6120820559805793  1.8846611598247207 396.5750506642926900
0.0321499037124463 -0.0195570688054787 90.0209802951099360 -99.9978626215421830 -0.0006111384633737 0.0215677250201330 0.6120820485713332  1.8846420277121398 396.4947932268685200
0.0323598606691879 -0.0192654772038270 90.0213057149371990 -99.9917157367111000 -0.0050662377223198 0.0208354987013372 0.6120820428962265  1.8846229014605786 396.4191608401137600
0.0327567192749047 -0.0192304935186608 90.0216468511756890 -99.9871615073797810 -0.0049412939003542 0.0229335291898958 0.6120820390357087  1.8846037752875386 396.3687534940006600
0.0331712979201961 -0.0190601121983548 90.0217486428404920 -99.9994403969050580 0.0049300241274598 0.0241935962157715 0.6120820407029743  1.8845846376067708 396.3093111959121900
0.0332775530800064 -0.0189905450309049 90.0217922523837190 -100.0018848196903600 -0.0082027971154766 0.0205959959097234 0.6120820290872909  1.8845655042480352 396.1969252629165200
0.0336992869290423 -0.0187444847341762 90.0218121469136320 -100.0075257407329700 0.0107059451674187 0.0245938935745826 0.6120820365680397  1.8845463687159967 396.1638571653351200
0.0341521462529589 -0.0184553606651122 90.0219951281361690 -99.9973329154227460 -0.0146343581424019 0.0251099321321505 0.6120820172723827  1.8845272432712661 396.0973999857375800
0.0346436667308703 -0.0182518729559265 90.0223410684718460 -99.9995168238903740 -0.0130030021239932 0.0281978469502824 0.6120820122101102  1.8845081107935486 396.0585315800210000
0.0352045786619067 -0.0179349899101181 90.0224807145423820 -100.0036931266125500 0.0010737459993537 0.0258283317597452 0.6120820157858657  1.8844889764379671 395.9562207979018400
0.0356496553951850 -0.0178628992903605 90.0226953338041510 -100.0055670195532700 0.0138707378734035 0.0252823548476847 0.6120820206520540  1.8844698431920501 395.8733531490208300
0.0356725816195494 -0.0178111228228983 90.0228335512053800 -99.9963906151696310 0.0086068020919124 0.0255664886501125 0.6120820150799949  1.8844507184768076 395.7992359999917700
0.0358569441597429 -0.0173707825767820 90.0231401534093580 -99.9990076353887790 0.0004705820347751 0.0275069226127939 0.6120820065549367  1.8844315856434908 395.7464662094394600
0.0360805980379531 -0.0169478169234372 90.0235982176185840 -100.0035354185044700 0.0045624804838269 0.0227845504963263 0.6120820051372418  1.8844124508104141 395.6132557772934300
0.0364739380004688 -0.0168282574757737 90.0239672284949250 -99.9895296374292140 0.0155228638914064 0.0247006114835819 0.6120820091838750  1.8843933306231173 395.5541718810416100
0.0367157872983360 -0.0165468547768537 90.0241658165576980 -99.9952534560767250 0.0046755621146914 0.0231845195202859 0.6120819996235365  1.8843741965103260 395.4566787511030800
0.0371982265907749 -0.0161663472702380 90.0245556021482120 -99.9910441336485290 -0.0005036629803408 0.0276503747117799 0.6120819922336671  1.8843550694763624 395.4283177501544600
0.0375819767428134 -0.0158641954411712 90.0247835879610680 -100.0001261539044500 0.0004077296679392 0.0321739650102671 0.6120819882775307  1.8843359320398791 395.4032255615730400
0.0379220764528338 -0.0158355606687054 90.0248357292635010 -100.0021009616479000 0.0015341108588596 0.0311681007253587 0.6120819846170560  1.8843167989272680 395.3184777264086200
0.0380472923755633 -0.0156662697003874 90.0251300862521190 -100.0049754146730100 0.0030490029059923 0.0276391485268952 0.6120819813804818  1.8842976647862977 395.2008050149028700
0.0380906177857349 -0.0153478453304481 90.0254680215329590 -100.0001334074001600 0.0137314200181034 0.0296836394062923 0.6120819847358592  1.8842785366211492 395.1488068780127500
0.0382456407729607 -0.0149397141233165 90.0259064358731110 -100.0062068733813200 0.0059884956385285 0.0282029833640443 0.6120819769558495  1.8842594000142252 395.0546020247605300
0.0385190961185860 -0.0144424733426443 90.0259715929464190 -100.0002246767654800 0.0006196513446367 0.0272785090903818 0.6120819695277653  1.8842402725440577 394.9646501973837200
0.0389128860734565 -0.0140718993445691 90.0263935534940880 -99.9950438552967430 0.0065259559583823 0.0285415476992245 0.6120819689995536  1.8842211453881625 394.8994326967047100
0.0392074588419141 -0.0136347192198155 90.0266718792928060 -100.0081345444366700 0.0003682158102257 0.0270482736459738 0.6120819610683043  1.8842020037196781 394.8049421455589300
0.0396519143616025 -0.0132835479681084 90.0268495799724350 -100.0078556455487700 -0.0159704314540238 0.0286819403414897 0.6120819450439861  1.8841828708427935 394.7453706291078100
0.0396831900545228 -0.0131803384595385 90.0271489969472610 -100.0043785728222900 -0.0041187590079116 0.0302938491507918 0.6120819459025397  1.8841637406595322 394.6877225756742300
0.0400242614309395 -0.0129283762071565 90.0274019002389420 -100.0078515795498500 -0.0025461389097122 0.0283512833591576 0.6120819415758886  1.8841446052942015 394.5881288320629800
0.0403653517406512 -0.0124243191502302 90.0275702782315220 -100.0026252096235500 0.0033748599869480 0.0318899914098548 0.6120819405228490  1.8841254766593896 394.5557903414010100
0.0408567616415659 -0.0120046446284531 90.0276731364408250 -100.0059112689703900 0.0120971001404140 0.0318877363974875 0.6120819421870616  1.8841063417176869 394.4820205841196000
0.0411402091213207 -0.0118535563683959 90.0278638679097580 -100.0018530121332500 0.0087547029750975 0.0264451500436171 0.6120819368305271  1.8840872124890502 394.3405241177393900
0.0413554016107496 -0.0115916955822823 90.0284252241076930 -100.0057028134597800 0.0090521491439793 0.0249547552597634 0.6120819334229583  1.8840680770858824 394.2425260324471300
0.0416174085972823 -0.0114129983397864 90.0283749094343340 -100.0030918814548900 0.0050907565103738 0.0273440617922188 0.6120819270885243  1.8840489464402579 394.1909117227027700
0.0417500857982477 -0.0111789411329998 90.0285169459232290 -100.0042536555729000 0.0082883141471302 0.0265668196994390 0.6120819252116939  1.8840298131001711 394.1037122155255500
0.0422286396881350 -0.0109316177107463 90.0287044851448430 -99.9987428611956230 0.0052346793199327 0.0275374983928227 0.6120819193347599  1.8840106851751832 394.0340663152921900
0.0425455566159967 -0.0105447004521169 90.0288080140826570 -100.0020950697300500 0.0096123694765096 0.0284487842457269 0.6120819180915272  1.8839915505378095 393.9645622318673200
0.0427801486759710 -0.0104995335664225 90.0291912230689770 -100.0177279966367400 -0.0012364350383207 0.0268070139008487 0.6120819069542821  1.8839724047894950 393.8679731294702700
0.0431377744651685 -0.0104229519069785 90.0295515511009940 -100.0104595907458700 0.0084498558594276 0.0290307349729144 0.6120819084336451  1.8839532755605004 393.8141246946033200
0.0435159440452791 -0.0103734514170879 90.0297806131231370 -100.0109596508177400 0.0061077115426391 0.0276558251150267 0.6120819028834428  1.8839341411053356 393.7187396008143900
0.0437763968327014 -0.0100943973582392 90.0301858207664910 -99.9924578372805120 0.0066244989246883 0.0247799626168208 0.6120818991181419  1.8839150231078270 393.6012666565229100
0.0439664920794778 -0.0098233484093718 90.0304024504007000 -99.9986102158045900 -0.0075958985955802 0.0287389734578200 0.6120818849709540  1.8838958869894782 393.5677520828286300
0.0443759990695240 -0.0095695766260212 90.0308387376225170 -100.0002526119088300 -0.0012068766112654 0.0315575868250319 0.6120818831064034  1.8838767536788934 393.5263090220040600
0.0445698957955990 -0.0095173520523756 90.0309395211703390 -100.0010234555768800 -0.0010334659247228 0.0300760839708547 0.6120818777703048  1.8838576207660189 393.4319757447204300
0.0449827784470357 -0.0093430080925562 90.0312658337908690 -100.0080626294466300 0.0031038910704470 0.0324238696209118 0.6120818753414888  1.8838384823631646 393.3860046377748700
0.0453119796999874 -0.0089332137932768 90.0317914175880820 -100.0031342798740900 0.0143391396979906 0.0342371647156285 0.6120818784043771  1.8838193529457268 393.3321743255690400
0.0453893268246349 -0.0086166242447393 90.0319085970304660 -100.0087398609591000 0.0045143664134482 0.0311441112732861 0.6120818683287459  1.8838002151075173 393.2207418459173000
0.0458048608514092 -0.0082944289439398 90.0320977712720350 -100.0026129362936900 0.0062622600031247 0.0334789961920438 0.6120818648089794  1.8837810864539690 393.1730699272487200
0.0460306990287843 -0.0081380409391885 90.0324244587085190 -99.9994710813920590 -0.0096033895119978 0.0335210881003391 0.6120818491807095  1.8837619561800159 393.1010365072770600
0.0461243681646433 -0.0076669512493741 90.0327477357266020 -99.9923251635062660 0.0092207894940820 0.0371051652511396 0.6120818554096316  1.8837428300412955 393.0725234719745300
0.0464277095141279 -0.0073020693263313 90.0332667753838360 -100.0051154426207600 0.0018626942787499 0.0350254462310616 0.6120818462956280  1.8837236879261734 392.9787575392900900
0.0468540315959976 -0.0068604977059339 90.0334030503209140 -99.9981114693273980 0.0017720487700757 0.0313326269888685 0.6120818409021248  1.8837045606184675 392.8603151025361600
0.0472233145857828 -0.0067797889371630 90.0339192619794770 -99.9915835152117440 -0.0013127799241912 0.0315221577724173 0.6120818333655249  1.8836854340527303 392.7867069759568600
0.0462338459400748 -0.0138801824629669 99.0193979647131500 -98.7782662054038380 -15.6284149754395840 0.0241382024942327 0.6120805955433697  1.8836663698721632 392.6916199983193100
0.0436931819120904 -0.0209150226431723 108.0196286417862400 -95.1232679049304580 -30.8802562126300050 0.0262297409349440 0.6120769307549343  1.8836477785570187 392.6970683980862900
0.0403848562978769 -0.0275209197688328 117.0197955279726300 -89.1237471352273900 -45.3748252855736710 0.0224203031091487 0.6120709214885146  1.8836301138480256 392.6825870151633400
0.0359891370582313 -0.0333046253700987 126.0201165659812000 -80.9221380239206520 -58.7611877293989620 0.0031149247275357 0.6120627122293993  1.8836138130133688 392.6113211172486800
0.0305012835269054 -0.0385217586897226 135.0201348701521300 -70.7084547965161930 -70.6786883498026410 0.0010618831649996 0.6120525125122528  1.8835992829834762 392.6046787289613500
0.0245989657893354 -0.0423587972104626 144.0201446341635000 -58.7885051310740680 -80.8818955562820320 -0.0062101231086276 0.6120405613242103  1.8835868675882081 392.5995105593812600
0.0180696070135038 -0.0453560509338134 153.0201617399430900 -45.4285286637322300 -89.0914985754194930 -0.0028710069681515 0.6120271598265674  1.8835768723439541 392.6256282142707100
0.0110232855709779 -0.0472651199856111 162.0204063107010500 -30.9312750583864010 -95.0844116955010320 0.0082238518146655 0.6120126463476432  1.8835695537607804 392.6708980233227100
0.0037285120048804 -0.0479369760029494 171.0207732530944900 -15.6674182017458210 -98.7676115489840500 -0.0149463021125206 0.6119973604940316  1.8835650931615988 392.6336180943786200
-0.0034410689564628 -0.0475750010864980 -179.9790055537392300 -0.0156586747832098 -99.9911399012337230 -0.0146937698649776 0.6119816973194087  1.8835635979128051 392.6399729201276600
-0.0032092139257874 -0.0475609274393920 -179.9638256995132800 -0.0071303880321480 -100.0091438696579600 0.0076322147997715 0.6119659609774908  1.8835635906361041 392.6894066149391700
-0.0027782626849772 -0.0471867650338162 -179.9635887180993200 0.0005365990923056 -100.0137280575573700 0.0066788377664182 0.6119502333431535  1.8835635936888309 392.6421563107841700
-0.0024847892949712 -0.0470391549827641 -179.9634418299585000 -0.0102964086509253 -100.0183151384113000 0.0155589691375742 0.6119345049938434  1.8835635843543745 392.6287843768584500
-0.0021809950772012 -0.0467644100986564 -179.9630449252762800 0.0090947872571020 -100.0164914176771300 0.0151167399665945 0.6119187797088547  1.8835635973156060 392.5895769229064700
-0.0018610507184681 -0.0466961051004350 -179.9631204648957800 0.0119017767124017 -100.0226874146266000 0.0096692594628914 0.6119030505306093  1.8835635985847006 392.4810174933983800
-0.0017903656929142 -0.0462747463080849 -179.9629472371341600 0.0042727304273599 -100.0048397934929800 0.0193591634132685 0.6118873364153737  1.8835635932292878 392.4709916913558300
-0.0014729664880674 -0.0460782311866523 -179.9624590491366400 0.0001705505237205 -100.0111360695423200 0.0173095704751212 0.6118716080181496  1.8835635893290330 392.3777186188459600
-0.0013787636305775 -0.0457950236804387 -179.9619730775097500 -0.0022869620913142 -100.0027160164089700 0.0198801239402523 0.6118558879530178  1.8835635861322948 392.3204397225728100
-0.0010831338857997 -0.0458456956937293 -179.9617311061617800 0.0099840004860958 -99.9981348566903420 0.0198672138876369 0.6118401652575637  1.8835635950282494 392.2523813130893600
-0.0007705585539482 -0.0455414145190066 -179.9616064366286100 0.0047003445802864 -100.0005738060499700 0.0244757524411954 0.6118244392383008  1.8835635930769332 392.2227854927557500
-0.0003314046202185 -0.0452190226486130 -179.9614899710309100 0.0128232091096469 -100.0071141102998800 0.0265377943900036 0.6118087093654701  1.8835636013836636 392.1778871407047400
0.0003889051923860 -0.0451658197566399 -179.9614992957534700 0.0015555642580881 -100.0076937308081300 0.0296359989543632 0.6117929831815286  1.8835635951103238 392.1343985428384300
0.0004157246552130 -0.0449084623655247 -179.9609298736646100 0.0069932448069943 -100.0093031452407800 0.0302174264711603 0.6117772553798767  1.8835636007386551 392.0710744665346400
0.0004710041112153 -0.0448069931601250 -179.9608282124460200 0.0159311436049414 -100.0085946604579200 0.0320041952619247 0.6117615288129641  1.8835636104716702 392.0199430507406600
0.0008915476200952 -0.0443951541800867 -179.9604841467484600 0.0017283390620879 -100.0122679048859700 0.0289720579319932 0.6117458002728530  1.8835636023788493 391.9055124884341700
0.0013700894265074 -0.0438596193682811 -179.9602451025284300 -0.0014463021334080 -100.0038932594597300 0.0266196601566074 0.6117300786468494  1.8835636011032437 391.7969347866853700
0.0019010670581334 -0.0432548659397716 -179.9602936556553900 -0.0023109411287838 -99.9934989707177810 0.0303930746501185 0.6117143597213960  1.8835636015940513 391.7616511570319600
0.0024002277396891 -0.0427291417416611 -179.9598837237309100 0.0052809596839510 -100.0164735648558100 0.0305434598312646 0.6116986195603769  1.8835636097224693 391.6886323864615100
0.0022880482261381 -0.0426945881809270 -179.9598131891353300 0.0000340300405788 -100.0142517809579900 0.0296917504889522 0.6116828933265682  1.8835636079281988 391.5995360004761800
0.0026840474245929 -0.0424121563838711 -179.9594919174086600 0.0086772477710073 -100.0091399377951400 0.0297269249764617 0.6116671692231591  1.8835636172488033 391.5213843542792300
0.0031735716418268 -0.0422576740054713 -179.9594142929957200 -0.0021430889739629 -100.0143301628209100 0.0295077856055083 0.6116514391100096  1.8835636116657044 391.4388795850314300
0.0035209663835125 -0.0420742268161570 -179.9593967134854300 0.0069384237127176 -100.0118177555084700 0.0318514246538176 0.6116357133040615  1.8835636211693600 391.3919721382833400
0.0036531744855756 -0.0417011990566611 -179.9590094510549200 0.0013201675916303 -100.0115705535018700 0.0301898404827865 0.6116199863505861  1.8835636198352241 391.2917915593195600
0.0040436883619252 -0.0418058462663576 -179.9588312931565200 0.0083485269207584 -100.0048374784410600 0.0290366101325259 0.6116042640573910  1.8835636282294415 391.1975936766415300
0.0043149348887987 -0.0419232201199503 -179.9584562952546500 0.0063044741657988 -100.0085204812567500 0.0316087668476043 0.6115885354327603  1.8835636301366996 391.1479414307398800
0.0045455613345909 -0.0415806977291413 -179.9580978960720500 0.0019854886282808 -100.0065279457660000 0.0307473286160825 0.6115728102656702  1.8835636297574079 391.0584304699096400
0.0047240758577146 -0.0415674646140062 -179.9579668887713000 -0.0004243796198591 -100.0103555118894000 0.0301096690173388 0.6115570812271406  1.8835636304589429 390.9709188614919500
0.0050392342542429 -0.0415055327674611 -179.9576992458605400 0.0004395619034880 -100.0022144474393600 0.0320689685002721 0.6115413601155366  1.8835636332967118 390.9146232080750000
0.0051746432685182 -0.0414222027739013 -179.9574816439521800 -0.0049909824715809 -100.0113827600974600 0.0328966495157430 0.6115256279077296  1.8835636309503176 390.8453638836607500
0.0056730652197864 -0.0409754038686703 -179.9572432327270800 0.0037264146815144 -100.0131732644506000 0.0315401431446699 0.6115098996476415  1.8835636399418612 390.7473537394566800
0.0058384570830561 -0.0410450240600221 -179.9570703902486200 -0.0027010085356553 -100.0063399381579400 0.0322679515962627 0.6114941771822067  1.8835636374365095 390.6769184255287500
0.0061588889105405 -0.0407794897932826 -179.9568342584916300 -0.0024873414626098 -100.0035326652121500 0.0325517810940845 0.6114784528274415  1.8835636396651834 390.6017899468535000
0.0062960590973686 -0.0406623754132267 -179.9567681235079700 -0.0013482883310195 -100.0135360217860900 0.0312606982693732 0.6114627197418672  1.8835636424568680 390.5069698724446400
0.0065697695818734 -0.0403048898003501 -179.9565335405639000 0.0029798530084856 -99.9959948639388900 0.0307579374840077 0.6114470047260009  1.8835636483452620 390.4197460486319100
0.0068592888278268 -0.0403766628418884 -179.9564577440787300 -0.0002697175018829 -100.0144054617388500 0.0333361215139181 0.6114312666182333  1.8835636485894043 390.3732953469315700
0.0071311654098469 -0.0402568813990370 -179.9562240285613900 -0.0020014780219494 -100.0170947688517900 0.0312822971925244 0.6114155369645222  1.8835636494407273 390.2669453353632300
0.0072652868980662 -0.0397779830271452 -179.9563845563395100 -0.0091218045972879 -100.0122508306226800 0.0345598458748051 0.6113998121629199  1.8835636452863789 390.2299900088802400
0.0077148875518715 -0.0397734980092367 -179.9562834475112800 -0.0062574953087052 -100.0148407857817400 0.0353012393534725 0.6113840828795992  1.8835636486701506 390.1627000645107200
0.0080913089164029 -0.0395462394343895 -179.9559124971551700 -0.0094232074881638 -100.0062652117853800 0.0336749869164320 0.6113683611235574  1.8835636472225021 390.0646903960283100
0.0082874138029283 -0.0392643121200393 -179.9555332715203800 -0.0118347641095062 -100.0066037493267100 0.0354201227174621 0.6113526343593330  1.8835636458399800 390.0115666981671400
0.0085172967643627 -0.0388727377294757 -179.9552515846609100 -0.0093287716825843 -99.9999065637360760 0.0367708003732081 0.6113369125600016  1.8835636483907137 389.9512102730985200
0.0086654176154997 -0.0387387693544612 -179.9549117790152800 -0.0130407194890278 -99.9914968894808140 0.0338577209495566 0.6113211928872351  1.8835636462291334 389.8374802590118400
0.0086041713814305 -0.0385719627097935 -179.9543998126984800 -0.0056232691444774 -100.0064717539903100 0.0334663031764125 0.6113054578297975  1.8835636528070434 389.7548156692475900
0.0088803240786589 -0.0384835495238381 -179.9543639474810800 -0.0019549777947005 -100.0038464184245600 0.0323960480011877 0.6112897329997032  1.8835636575201746 389.6620393965308700
0.0092303942243864 -0.0384836617647518 -179.9539778582389400 -0.0048344006544097 -100.0096750541976600 0.0277748716047631 0.6112740025704349  1.8835636573232768 389.5230717567897600
0.0092241026998532 -0.0382795520895900 -179.9539844349041000 -0.0100846783265761 -100.0173115575240800 0.0309778111164817 0.6112582696866395  1.8835636544567593 389.4827665646231500
0.0095199602846659 -0.0381743401430684 -179.9537750386984700 -0.0107885071338466 -100.0009247672503800 0.0287635937795678 0.6112425531269080  1.8835636546768550 389.3724586199814400
0.0098206294257825 -0.0377955313696630 -179.9534196611764100 -0.0045855134842020 -100.0083328452497300 0.0287310936131841 0.6112268219796031  1.8835636606380650 389.2907805137958200
0.0101530670906732 -0.0375634029597208 -179.9530925774026300 0.0008886802057400 -100.0065128501669300 0.0291959285606214 0.6112110962084588  1.8835636671698139 389.2143822899209900
0.0107203098698160 -0.0370472003543353 -179.9530939590170000 -0.0025931830562458 -99.9985776256146720 0.0301118965582171 0.6111953751231378  1.8835636671696925 389.1436779321958900
0.0109504802709067 -0.0369552829982283 -179.9529342700003800 -0.0063958613609897 -100.0123214087250900 0.0311626144727797 0.6111796394871136  1.8835636664611743 389.0750647551850000
0.0113751992892231 -0.0368365991247565 -179.9527690900233100 -0.0098655580115601 -100.0040863901866700 0.0321890774676994 0.6111639175868484  1.8835636650860341 389.0077024053649100
0.0116534031987969 -0.0363526455374371 -179.9526471490315500 -0.0076661936972448 -100.0084926104805700 0.0316851968979511 0.6111481877542819  1.8835636679859844 388.9226113241914500
0.0121966635601544 -0.0360442656263278 -179.9523068408887800 -0.0061592126165767 -100.0070530993057600 0.0288089576153734 0.6111324616076074  1.8835636707394792 388.8056366986429600
0.0125419254367619 -0.0359441524687951 -179.9519679927187500 0.0002919357210594 -100.0101644003301400 0.0283805358477299 0.6111167321344188  1.8835636782198739 388.7169859119777600
0.0128806433051222 -0.0355038948666691 -179.9519425006035100 0.0041222090909615 -100.0018906576278100 0.0267863062731052 0.6111010104591793  1.8835636845656796 388.6155205901031900
0.0131133728676863 -0.0353228256283154 -179.9519062893211900 0.0003055037883969 -100.0054221225860500 0.0281798016203328 0.6110852813793620  1.8835636851164161 388.5489874604928100
0.0134473670655652 -0.0350644170846403 -179.9517527372590800 0.0037530474765384 -100.0014327725132700 0.0306256823484975 0.6110695572271440  1.8835636913665244 388.4977823400173000
0.0135946501226752 -0.0348138992806639 -179.9518863648804100 0.0000781289425431 -100.0033818684536600 0.0312740372039447 0.6110538293077398  1.8835636919887757 388.4239256306171300
0.0139458475847254 -0.0345590712163003 -179.9518006282042100 0.0020430947401595 -100.0088314523819100 0.0308461467355660 0.6110380986746949  1.8835636969408882 388.3393204211323600
0.0086610547802654 -0.0363210636836055 -170.9666111221568800 15.6091309258051840 -98.7779065362691430 0.0229233972970551 0.6110224300079743  1.8835651822352730 388.2713110553743300
0.0032028053657402 -0.0370861626406488 -161.9664328307438000 30.8848826346488790 -95.1322663626063870 0.0055437526482652 0.6110071424601180  1.8835696455361024 388.1787052553573900
-0.0024811893154050 -0.0371319517824293 -152.9661848689201500 45.3798005930339840 -89.1039664170852030 -0.0026034361373181 0.6109926270212316  1.8835769526636279 388.1472383165102000
-0.0078047890538686 -0.0360783630256253 -143.9659928331455800 58.7512415369907610 -80.9092154379087990 -0.0008652476832885 0.6109792257934549  1.8835869233263571 388.1461750261581200
-0.0130723840034758 -0.0342126709117477 -134.9656733857098300 70.7077812605729580 -70.7466072716562170 -0.0146095304240570 0.6109672686354218  1.8835993354099425 388.1099668141529800
-0.0181538220492028 -0.0313124586376045 -125.9653813984168900 80.8616636233136460 -58.7860242443199820 0.0027572460605847 0.6109570669382916  1.8836138418696919 388.1469901416568900
-0.0227467249798291 -0.0279604457109946 -116.9651709646096700 89.0777327008739380 -45.4263713992631890 0.0007438462375505 0.6109488505141819  1.8836301285565982 388.1551596997864000
-0.0267131735388833 -0.0237032670959667 -107.9650273406404500 95.0805356167986990 -30.9257446842066840 0.0039572327561997 0.6109428384453147  1.8836477708973987 388.1749524558190400
-0.0300764616653458 -0.0190433945613768 -98.9647194183465050 98.7625638441513020 -15.6780620691683430 -0.0027421314015982 0.6109391646055056  1.8836663457837011 388.1562991775841700
-0.0324153713725429 -0.0136706285128938 -89.9645463316099810 99.9941055629987260 -0.0232829954342432 -0.0120189546450255 0.6109379369301707  1.8836853835866614 388.1226529996658300
-0.0324009789061788 -0.0133930900409701 -89.9493947157687900 99.9934300494089290 0.0023361252758611 0.0025203623062446 0.6109379420183431  1.8837044923819690 388.1394406568047700
-0.0319645192268079 -0.0132055484980870 -89.9489477356801360 100.0055883311431700 -0.0021682524924974 0.0063885403402580 0.6109379422896333  1.8837236072193833 388.1124754511508300
-0.0317053662893142 -0.0130177733447050 -89.9488615715146270 100.0086885534921100 -0.0185559563241336 0.0157938811047680 0.6109379324129697  1.8837427148450185 388.0901220968629600
-0.0314224513052598 -0.0129162585915456 -89.9488541469219030 100.0086821998847200 -0.0076804044861725 0.0122623955129414 0.6109379386804222  1.8837618212996690 388.0206987501324000
-0.0312321597175574 -0.0127042344269391 -89.9485777799157940 100.0100168865471800 -0.0027976526665453 0.0168922657447445 0.6109379441798896  1.8837809304161159 388.0061277349239500
-0.0312355754182739 -0.0123495983791124 -89.9483213312986440 100.0034862398214100 -0.0003221534263540 0.0231962887401290 0.6109379484029327  1.8838000330479538 387.9995202693716000
-0.0311979278308742 -0.0120046080945848 -89.9482953789484870 100.0016165111025000 0.0001137114750321 0.0278193029624699 0.6109379517224312  1.8838191389631125 387.9823069357842700
-0.0308664247017996 -0.0116015436832010 -89.9481637767473070 100.0142868042167100 0.0021240570354237 0.0256428120500417 0.6109379561089764  1.8838382569863403 387.9057923558189000
-0.0306686020463163 -0.0114748279200734 -89.9480836578509300 100.0204393930852100 -0.0022850509432658 0.0270761221339045 0.6109379566655163  1.8838573720341383 387.8540077475549900
-0.0305194785836572 -0.0110858586825834 -89.9479875494004800 100.0200098178806900 0.0036998204255150 0.0276639608596087 0.6109379636564010  1.8838764837043012 387.7962204790432000
-0.0301489999333913 -0.0105804579410569 -89.9477871795129720 100.0168955741019900 0.0124152229840792 0.0237876935841578 0.6109379731833488  1.8838955931865280 387.6881577176554900
-0.0297791838571257 -0.0104081651204394 -89.9477982257559030 100.0134833756813000 0.0055001423596009 0.0242827130819134 0.6109379739370361  1.8839147014175828 387.6136679552645900
-0.0296965674040806 -0.0100855409477967 -89.9474336596888260 100.0128795744887400 -0.0071217071705598 0.0272948615197548 0.6109379699571158  1.8839338110607222 387.5662198946506000
-0.0295668973243915 -0.0099357398333247 -89.9468803573812610 100.0017225787208400 -0.0121950694875943 0.0296668969348823 0.6109379692371144  1.8839529123039096 387.5182050134405900
-0.0294687548021853 -0.0097196210772920 -89.9467120243133280 100.0074000664128100 -0.0052742476356722 0.0340633019348803 0.6109379770584321  1.8839720257301678 387.4987262535378200
-0.0292855065494041 -0.0092141641868300 -89.9467120958998980 100.0023686316849600 -0.0034762783106692 0.0301743462531857 0.6109379819462554  1.8839911309573050 387.3785915501984500
-0.0291574815402405 -0.0088062800036578 -89.9463092628526510 100.0056008393252000 0.0052957969936634 0.0323413577139330 0.6109379926338791  1.8840102423391931 387.3307958091870100
-0.0290206730749477 -0.0084507953589539 -89.9461529903756230 100.0077578962270100 -0.0210187650480929 0.0310622119723407 0.6109379799010777  1.8840293526478629 387.2333992312334800
-0.0290350494539663 -0.0081660950972873 -89.9458336202306580 100.0161722728337400 -0.0083489108452964 0.0292069127900199 0.6109379909303094  1.8840484692610688 387.1330960794283600
-0.0290227364349484 -0.0078664145979870 -89.9458224354052480 100.0104110394373000 -0.0040491143954697 0.0286290227643826 0.6109379978379128  1.8840675750477296 387.0450699589734400
-0.0286504654779286 -0.0072563475174297 -89.9454811048361480 100.0124735244170900 -0.0089056115666295 0.0346582175449940 0.6109379991470710  1.8840866863370480 387.0415491155084200
-0.0283325045068354 -0.0071910608517963 -89.9454013502834610 100.0232738115432200 -0.0067094510501794 0.0361047759573361 0.6109380048217351  1.8841058055855333 386.9834315528766000
-0.0279094796533022 -0.0067402374297810 -89.9452879261456530 100.0129975571241500 -0.0072863497261531 0.0391429501535638 0.6109380087828924  1.8841249086976692 386.9473745640823900
-0.0275211800528073 -0.0067140900312112 -89.9449667997700570 100.0130599816874600 -0.0079143359112187 0.0412303951004754 0.6109380127858439  1.8841440187385048 386.9014757100362700
-0.0274331256622190 -0.0066670624119442 -89.9445235030417510 100.0166385120387000 -0.0001895705400805 0.0373778766196229 0.6109380229463123  1.8841631320389978 386.7803939895633800
-0.0271444280960963 -0.0062637580527485 -89.9444614398810390 100.0093563210044600 0.0036168404029067 0.0401057864496145 0.6109380312813071  1.8841822362747120 386.7419713628914900
-0.0268421437702716 -0.0061225171055563 -89.9445069988352800 100.0067132640349700 -0.0088751707212466 0.0399735008855751 0.6109380285412467  1.8842013431478073 386.6668380715919400
-0.0264049194521184 -0.0061182256447658 -89.9441943539365950 100.0004581699444500 -0.0069854159815928 0.0363207103652192 0.6109380343523577  1.8842204464033916 386.5451437095771900
-0.0261685997704987 -0.0061868068292028 -89.9441333390919770 100.0053001796011100 -0.0121743585647587 0.0352897573909554 0.6109380353814894  1.8842395580832885 386.4553883949096200
-0.0262970732214420 -0.0058770388601342 -89.9440839378361690 100.0099025386142000 -0.0174348428414442 0.0364326669175315 0.6109380354180530  1.8842586705479949 386.3933815314337600
-0.0261899682847702 -0.0056426019178580 -89.9440266032025310 100.0117186496142700 -0.0093585588773219 0.0347172860086688 0.6109380444751817  1.8842777814276050 386.2927555639603300
-0.0259888460800532 -0.0054432194602058 -89.9438099618197240 100.0212647504027900 -0.0005834357787159 0.0328381945078019 0.6109380552351234  1.8842968994765188 386.1904377150417000
-0.0256620207686592 -0.0052877521292571 -89.9435548440751940 100.0095441507892100 -0.0016921581746449 0.0333501795884156 0.6109380602374593  1.8843160007977799 386.1179370089186600
-0.0255898152351756 -0.0051427054593687 -89.9435290502468090 100.0058161246521700 -0.0036922490407990 0.0348947865332708 0.6109380645807181  1.8843351069125855 386.0593328884207800
-0.0254675219269003 -0.0049497760626265 -89.9431623386842600 100.0076403030352000 -0.0158032532848795 0.0332436002940994 0.6109380613652755  1.8843542170848853 385.9592376820873500
-0.0251452938430828 -0.0044853359653730 -89.9425738455978210 100.0020324967599700 -0.0170302899866346 0.0340279452898285 0.6109380640704756  1.8843733210868583 385.8902483349465300
-0.0248282350236428 -0.0043055145729649 -89.9423281091299880 100.0183924477430800 -0.0066455365229014 0.0326082160889633 0.6109380749987380  1.8843924434548234 385.7945922697251100
-0.0246559963541432 -0.0039004335577735 -89.9422207836871620 100.0214729440370900 0.0015902854933535 0.0324081445603889 0.6109380860216086  1.8844115572959159 385.7112148316919600
-0.0243946549440176 -0.0037347351864300 -89.9419078513069080 100.0206431611973000 0.0014988019977112 0.0330742606874794 0.6109380922024588  1.8844306683636729 385.6386263868307100
-0.0241138040925908 -0.0033934263225235 -89.9416472564757900 100.0116620771954100 -0.0125305043580400 0.0291758205920338 0.6109380884447233  1.8844497719282762 385.5041740092695500
-0.0238653488900669 -0.0032607227549554 -89.9417983922665200 100.0118404796326400 -0.0062516626264632 0.0289565283727127 0.6109380972244559  1.8844688820544051 385.4184679135481700
-0.0234160392154021 -0.0029077802083159 -89.9414381073824390 100.0137554556105600 -0.0038120685506699 0.0304429343288272 0.6109381041818504  1.8844879937864336 385.3523668974622800
-0.0233652271150525 -0.0025603942092526 -89.9412802266169960 100.0166193094147600 0.0009959587721249 0.0266720533550718 0.6109381134221683  1.8845071068009414 385.2206694855515800
-0.0231778089766102 -0.0023494271901695 -89.9408416923789250 100.0184383970437200 0.0039890704163111 0.0269204079100371 0.6109381219892142  1.8845262194053893 385.1377686744293700
-0.0229392683978608 -0.0018762406635862 -89.9406849675276590 100.0078102788333300 -0.0024754781504735 0.0271776092241706 0.6109381241615375  1.8845453213070016 385.0559108450092400
-0.0227966973455253 -0.0015937356916098 -89.9404145634954090 100.0081519856875900 0.0033326136107934 0.0306028928308700 0.6109381341304766  1.8845644310032352 385.0165519976232500
-0.0224777126100030 -0.0012074049701538 -89.9400914319471100 100.0132252995537800 0.0123503040277505 0.0331218712109364 0.6109381474905528  1.8845835447913015 384.9681402004450800
-0.0223620455662318 -0.0007607128338122 -89.9399198973571570 100.0104932378766000 0.0000815954090739 0.0302712581127791 0.6109381470691715  1.8846026526510080 384.8498127294222400
-0.0218906324544718 -0.0005099348262892 -89.9397502688085670 99.9965306949210910 -0.0054993019405176 0.0286876065094445 0.6109381494984761  1.8846217503410096 384.7459929570252900
-0.0216698491839601 -0.0004259316014539 -89.9396417024865120 100.0021373716465700 -0.0045917200866518 0.0264044404157271 0.6109381557947577  1.8846408625593327 384.6306783177437900
-0.0215771669341380 -0.0001211591406478 -89.9394968393710310 100.0003529250393800 -0.0071932025612589 0.0290103675871544 0.6109381596343100  1.8846599694394153 384.5799107226259800
-0.0215866123872894 0.0001975009952438 -89.9394499044240660 100.0117100540131800 -0.0157493275027014 0.0285291233269886 0.6109381588621405  1.8846790876614108 384.4894109410327000
-0.0215014036320946 0.0005417895451975 -89.9389475955526900 100.0140642055541300 -0.0137844486646099 0.0309389704829530 0.6109381644889201  1.8846982000843706 384.4388873268746900
-0.0210954318335139 0.0007810263602037 -89.9388127720408480 100.0162275728970900 -0.0020835251999271 0.0290210777200480 0.6109381772948812  1.8847173127181585 384.3313783231020600
-0.0207042998599025 0.0007663785149010 -89.9384906079735340 100.0172709215702900 -0.0046816462842452 0.0327297240552788 0.6109381816374001  1.8847364248580505 384.2974626988721000
-0.0206943853794099 0.0008852797653207 -89.9383374617625440 100.0105513964716700 0.0050760753954917 0.0313675789174416 0.6109381946259674  1.8847555302566339 384.2008960155120000
-0.0205434995594172 0.0007222827471308 -89.9383362003281380 100.0292428954807200 -0.0016261594632130 0.0317615551222876 0.6109381971431646  1.8847746569720798 384.1230765441412700
-0.0203397471143636 0.0008253826976461 -89.9381199066134090 100.0200356350430700 -0.0064242294599619 0.0339531222914462 0.6109381999721182  1.8847937624282360 384.0726917762557400
-0.0202695966400685 0.0010495096872797 -89.9378577956041600 100.0146274342239800 -0.0154702603897231 0.0325725402668421 0.6109381989820123  1.8848128696667006 383.9762332015787400
-0.0197332786512970 0.0015350724249404 -89.9377645109369010 100.0073418133680600 -0.0056912401367993 0.0330574285646953 0.6109382103252899  1.8848319741937893 383.9001288945704600
-0.0195967039140164 0.0015335775960503 -89.9375613781742520 100.0017057345948100 -0.0161845725012271 0.0328457769810349 0.6109382084897772  1.8848510788491069 383.8179517549063500
-0.0192451743141977 0.0020245702485799 -89.9372838788500670 99.9950536298313750 -0.0094635822763890 0.0312374957801916 0.6109382175502950  1.8848701815818225 383.7141816262218900
-0.0191566621359484 0.0023178252571773 -89.9368775027277960 100.0056091435243100 -0.0034073471920525 0.0296382228326763 0.6109382272533895  1.8848892982762495 383.6124449518062000
-0.0190588799061774 0.0026264048090855 -89.9365410413861350 100.0024168073543500 -0.0109028319197369 0.0255707814059863 0.6109382281153374  1.8849084047827442 383.4759245280538400
-0.0183669264632124 0.0028547650247373 -89.9362352866936310 88.9127920497854380 -0.0019699310239130 0.0305250684908453 0.6109382438486367  1.8849264592779829 383.4249511653626400
-0.0180538756428182 0.0030439179765286 -89.9359099883528470 77.7993882542500900 -0.0112815501772557 0.0251308876685269 0.6109382481722253  1.8849423900632636 383.2973055662711800
-0.0177397285115583 0.0035859101209058 -89.9356286907439680 66.6808815128285770 0.0088908701812217 0.0223354615974187 0.6109382611868515  1.8849561903832712 383.2329710265638600
-0.0175838653615985 0.0040048803351536 -89.9354774243036700 55.5793933869782890 0.0107399817220952 0.0280944869931582 0.6109382697390884  1.8849678783478150 383.2133836393457500
-0.0171372709097108 0.0044357778430187 -89.9353787838298330 44.4707028389060070 0.0004334872881313 0.0198562636561804 0.6109382743085402  1.8849774428859687 383.1213327670253100
-0.0166594623099891 0.0047535148006537 -89.9352368157839090 33.3516048413471890 0.0079444938242665 0.0082694556134023 0.6109382841107406  1.8849848729328629 383.0390957965015000
-0.0163179088100381 0.0047943990859915 -89.9349049379135720 22.2373504919724570 -0.0017824971229506 0.0009635409538452 0.6109382888677394  1.8849901795131772 382.9704966882259200
-0.0159920803810251 0.0047669939487047 -89.9347937343033410 11.1305040274930850 -0.0021160355795697 0.0018148727110162 0.6109382964682846  1.8849933655413362 382.9310058995972700
-0.0158468125653273 0.0053298904440893 -89.9346485679398740 0.0265296185416266 -0.0238864154478000 0.0096053136638553 0.6109382950533837  1.8849944279941817 382.9282411690656400
