0.0000138366053287 0.0000560606797861 359.9999756635613700 -0.7012858805163917 10.4462927303565870 0.1500629322303522 0.6108666177389703  1.8849538858631254 395.7734804371659700
0.0000422382410671 0.0000846402292875 359.9999435042681200 -0.6879409855523655 12.4683112445107670 -0.1178394200672951 0.6108681197631297  1.8849529149398698 396.3254232516360400
0.0000851210431017 0.0001021990136774 359.9999285868001900 -0.0989156211222008 14.1046254612252010 -0.3261003486201994 0.6108703466041646  1.8849540081659764 396.7940082508005200
0.0001116395458764 0.0001297339718868 359.9998983529259200 0.2573802717186219 16.2753168291331040 -0.6031167019229491 0.6108731327615228  1.8849547357115715 394.6608261548650500
0.0001206223176374 0.0001499075103769 359.9998537231858800 0.0283261290570200 18.2125294144964980 -0.0216790000852322 0.6108762568445991  1.8849552874908175 399.2072365233583500
0.0001584835854893 0.0001803593796451 359.9998277973600100 -0.0671734371673993 19.6714806222886910 0.3441035647416006 0.6108790399907729  1.8849555274703158 398.5584914269455200
0.0001797296040939 0.0002028791835240 359.9997948793929900 -0.3359850850850737 21.6773860834085890 0.1646192937828808 0.6108823400904484  1.8849550281371790 398.9780609166614300
0.0001925491776976 0.0002711682140264 359.9997406939443700 -0.3042989818755215 23.6715925256906840 0.1640876837309724 0.6108866868522669  1.8849552042220441 398.2272595809361600
0.0002116887089035 0.0003056812969457 359.9997052387346900 -0.0423029832245831 25.8367366175813340 0.3616047358222519 0.6108906066691886  1.8849552659650926 399.0690308400193100
0.0002364931171912 0.0003410036647737 359.9996722904576200 -0.3293180315940125 28.2280933540639230 0.0819890086607113 0.6108949038131305  1.8849552217551062 398.3026341841976400
0.0002581407563587 0.0003637336383157 359.9996673471933400 -0.5095171481240635 30.3946831002322670 -0.0073460869539286 0.6108994664221252  1.8849548858778862 398.6714014046993400
0.0003120127907473 0.0004022299451409 359.9996261057293600 -0.0473243728282848 30.1418629990687950 0.1688087081111578 0.6109039908562587  1.8849551355820158 400.6854845874153200
0.0003575231174594 0.0004482310023958 359.9996239287655200 0.1463498845924406 29.8104242755125350 0.4173684547784493 0.6109084725013354  1.8849554864870399 402.3732583740631400
0.0003809498074565 0.0004601196459354 359.9996026754496400 0.1400594443240662 29.6433185393535010 0.3838842414589954 0.6109129618471613  1.8849553452345555 403.6585007815638200
0.0004087596101758 0.0004806110867004 359.9995537911027000 0.4381174399196552 29.5848878867340940 0.5440471240929639 0.6109173898492647  1.8849557165795185 405.0729195462707300
0.0004653700485352 0.0005024247691562 359.9995196153578300 0.4363633397939794 29.8265343196792760 0.4654677564221535 0.6109222926791161  1.8849557233517271 405.1853263073747400
0.0004993770136729 0.0005173652171318 359.9994974228548000 0.2807572043112222 29.7839030291926150 0.3443234237572290 0.6109269708737294  1.8849555913609415 404.2671253778227700
0.0005254025228665 0.0005495654235384 359.9994567285156100 0.3512649858960162 29.6534708068035220 0.2116072120384896 0.6109315929467686  1.8849557270608752 402.9528231523210600
0.0005510528912026 0.0005766509008648 359.9994372096240900 0.5348449742035487 29.8151647861808160 0.3565353340900952 0.6109363595481848  1.8849558815781129 403.5960796851698000
0.0005575857975458 0.0005907490924868 359.9994189846441900 0.3266660749518630 29.4369006975935110 0.2543864499716342 0.6109408491162250  1.8849556021742944 401.9857687810356900
0.0005825212392362 0.0005969224405561 359.9993887411587300 0.4815750015946458 29.4904466052130760 0.2718459794908686 0.6109452875806676  1.8849557025992307 400.6328987914716300
0.0006200615755288 0.0006082123366205 359.9993619598827800 0.4617549342741232 29.5581628288029920 0.3307593908824151 0.6109501076543447  1.8849557104353880 401.5184394577512400
0.0006313451890251 0.0005968868436027 359.9993487506643500 0.4316249421574383 29.7541239680533460 0.3261025001267143 0.6109548434238946  1.8849558225203937 401.7136745879036500
0.0006620634879500 0.0006115507396430 359.9993304690016200 0.2714686274734692 29.8178803970639560 0.5080781318485886 0.6109595177528023  1.8849556840710844 404.1863758942145100
0.0006630361916150 0.0006634028507556 359.9992946365837300 0.2901703806823368 29.9132125436641870 0.2896153721624050 0.6109643073513270  1.8849558827523087 402.0654938494909100
0.0006852927516197 0.0006990323102324 359.9992856948781500 0.1233823648699871 29.9091754230385800 0.2314261040122047 0.6109689535210851  1.8849554793600449 401.9336913426007000
0.0007269830095998 0.0007073371349506 359.9992693311014000 0.0839482877473554 30.0218182198681270 0.2364274825444934 0.6109738834345425  1.8849554679630662 401.8888286662606200
0.0007752744047507 0.0007083048487019 359.9992672635785300 0.4232737143714914 30.1194199760074960 0.1432825679186204 0.6109787075142503  1.8849560441252320 401.3197139060548000
0.0008176102815663 0.0007487216525923 359.9992141145645500 0.3628830948646535 30.2208641984190400 0.1914688718758043 0.6109835901030903  1.8849560400737488 402.0512791458425600
0.0008718877231016 0.0007469988826732 359.9991899581393100 0.3257280375408007 30.0647067464064330 0.3511249524855101 0.6109881125936237  1.8849559832970142 403.0433629196289800
0.0009206190023371 0.0007536113096779 359.9991719521860300 0.3322657396488152 29.9335165347082960 0.3999470310165372 0.6109926070038574  1.8849560349184300 403.9903368842145100
0.0009511458932464 0.0007854075695324 359.9991849277795400 0.2370689967049879 30.0749975934662470 0.4690079151909846 0.6109975514719690  1.8849558838030736 404.3197516063053700
0.0009829661336159 0.0008112835415415 359.9991278032509300 0.1863529844443924 30.1911641374294500 0.4284528611902250 0.6110024673714447  1.8849558887434978 404.4363568091048900
0.0010141939477823 0.0008679861951178 359.9991125443176000 0.0092311990936746 30.1733141139953070 0.4376329370289514 0.6110072106563349  1.8849555503794568 404.3324076267000500
0.0010603644731627 0.0009006074892216 359.9990786136587500 -0.0812637254341689 30.1925926909504910 0.3280232558142939 0.6110119406711742  1.8849554034347600 403.1269583041058100
0.0010816416703568 0.0009208100241617 359.9990603317591500 -0.1900736130934842 30.0930708306685660 0.3170976967484298 0.6110164077083278  1.8849551086250753 403.6211846267119100
0.0011155205460132 0.0009664291404242 359.9990542363842700 -0.2010549880084186 30.0261123187033970 0.1712298715513152 0.6110210304467110  1.8849550330887477 402.4332819788838300
0.0011353605530344 0.0009589682382847 359.9990096806399200 -0.2755594962688804 30.0767554217722550 0.1057772947840283 0.6110257197990829  1.8849547205258221 401.0394376955362100
0.0011404330372329 0.0010386519979692 359.9989828805129800 -0.2453075728896451 30.1633928579469990 0.0655712493061233 0.6110306278554927  1.8849547244748475 401.1764369823771400
0.0011752949860615 0.0010443867849504 359.9989537138900500 -0.1176760951229942 30.1389420009561630 0.0911749455343652 0.6110352961089914  1.8849550209126333 401.8765068805256000
0.0012138654373934 0.0010718119347694 359.9989112794197000 -0.0396014845688968 30.0810998515553010 0.1007293294229248 0.6110398909230632  1.8849552249523318 401.7687211127630500
0.0012385168131785 0.0011002187552648 359.9988462362474000 -0.0847141859612048 30.0754328512405670 0.0659588025695886 0.6110445288236098  1.8849551300254961 401.3794723657870800
0.0012660769055962 0.0011081568560381 359.9988240906719700 0.0298399657328863 30.0027145250486310 0.0827544699573536 0.6110491346755866  1.8849553894721280 401.9804603155331500
0.0013066167159715 0.0011488178091286 359.9987777558918700 -0.1233916210303514 30.0211930273820150 0.0059835867032066 0.6110539616706993  1.8849550614319275 400.1989706812219700
0.0013035035184448 0.0011795546143183 359.9987669751469100 -0.1377800964544764 30.0455573169612120 0.0030362366834740 0.6110586976597203  1.8849550448287142 400.4272681399426100
0.0013097834557339 0.0012198839922235 359.9987053556973300 -0.0899244328039318 29.9937936816898020 0.0870084129746856 0.6110633000119403  1.8849551285948134 401.7710726020474700
0.0012846712851298 0.0012303128341953 359.9986999454897600 -0.1971429975479886 30.0061599836951270 0.1636563425342578 0.6110680031453609  1.8849548126778961 402.9254295065193200
0.0013112200601238 0.0012483199201545 359.9986715894584100 -0.1264924139911884 30.0189454975839070 0.1149769080970760 0.6110727345845740  1.8849549277508160 402.3764432845358700
0.0013231518448083 0.0012465149669078 359.9986503553792000 -0.1739715532115804 29.9890885095095780 -0.0380880405831733 0.6110773302112713  1.8849547432504050 399.9818874567267200
0.0013426472249501 0.0012675664352793 359.9986224497560000 -0.2522277718038763 29.9156238021729270 0.0844422489059844 0.6110819604992364  1.8849545211266443 401.6200419685259200
0.0013736373753958 0.0013046797670695 359.9986079208196100 -0.2074410932047288 29.9362883664534960 0.1548827412568479 0.6110867491539653  1.8849545933844898 402.9055095462408100
0.0014100270822174 0.0013068178459538 359.9986084185080100 -0.2385382043135731 30.0365274643215410 0.0924005356095319 0.6110916500415039  1.8849545139910333 402.2933374000456900
0.0014496472927097 0.0013108708177529 359.9985553353202500 -0.1691940494827015 29.9299841384493600 0.1731500428231796 0.6110961167052076  1.8849547462198377 403.7754521387290100
0.0014820143060226 0.0013668114797475 359.9985313317812400 -0.0509697581486345 29.8927085884572430 0.0937953765243345 0.6111007731253537  1.8849550521929865 402.8380898994421400
0.0015035768559022 0.0013838116649386 359.9985190000850800 -0.1846084939065819 29.8975456776999910 0.0014740760978519 0.6111054758553643  1.8849546339025935 401.5665236391813000
0.0015124123681875 0.0014142655800442 359.9984861168177300 -0.2364788984229888 29.9491800052481770 -0.0085702385332547 0.6111102737955098  1.8849544468187911 401.6086199686283200
0.0015350049251626 0.0014484260214018 359.9984302851660200 -0.2004117858615698 29.8861691765026050 -0.0575252643637511 0.6111148761118980  1.8849544907802025 401.1863269693984100
0.0015715181141365 0.0014792076724319 359.9983954586510300 -0.1250861515082271 29.8700653055340660 -0.1279700945960510 0.6111195694062795  1.8849547082593190 399.7617699511922600
0.0015874187644894 0.0015087163528766 359.9983835043647700 -0.1209867570624029 29.9058718097107490 -0.1767457374323016 0.6111244019696831  1.8849546971952802 398.8466940682961300
0.0016404039565310 0.0015603196501232 359.9983529646232200 0.0116515286777329 29.9313265486560490 -0.1213777124475794 0.6111291206628521  1.8849550932389461 399.6910590641503500
0.0016740809874920 0.0016030478041963 359.9983394229579400 0.0684245748153760 30.0396384203874160 -0.0814344705762084 0.6111341900755198  1.8849553266640624 400.5523388513327600
0.0016940669923329 0.0016046202687601 359.9983101081463700 0.0330886927969429 30.0170418655609590 -0.0566051421087733 0.6111388941187512  1.8849552183578866 401.2818632898917000
0.0016949919070755 0.0016384283340831 359.9982830837000700 0.0700468328177525 30.0260040768204770 -0.0920630381436154 0.6111436578096574  1.8849553762323157 400.8526593329067400
0.0017465888532474 0.0016538893539088 359.9982433534231600 0.0257939187840571 30.0328173737557620 -0.0819291219868240 0.6111483623363614  1.8849552146369213 401.1083911882464000
0.0017620806043119 0.0016718657361685 359.9982083027167600 0.0479654273268379 30.0902282411118700 -0.0481294024726406 0.6111532666198963  1.8849553002354740 401.7108077933863800
0.0017798818892206 0.0016800407157932 359.9981888140999300 0.0099795464924160 30.1228750470207030 -0.0572814960688093 0.6111580723120635  1.8849551932263640 401.5141456642630300
0.0018142380171291 0.0017365976716516 359.9981723160507300 0.0400279062816973 30.1855112825361940 -0.0711512188757905 0.6111629920692580  1.8849553298596324 400.9180699178628500
0.0018486259453414 0.0017538425976411 359.9981746937839400 0.0363720687530170 30.2226858529541430 -0.0362141769489108 0.6111678788783599  1.8849553335507168 401.6461988830699900
0.0018932279544959 0.0017836260533243 359.9981558008456700 0.1968370006928843 30.2653895239386800 -0.0273701697185816 0.6111727907532749  1.8849559672642706 401.9440332798437200
0.0019126847621711 0.0018266017360862 359.9981373805461000 0.1898114308632535 30.2059730600061620 -0.0125482274720314 0.6111773468093119  1.8849559801969074 402.5132873277648900
0.0019496429242007 0.0018322251344709 359.9981216351814600 0.2384936512182099 30.1444664409981730 -0.0558899685241608 0.6111818808901607  1.8849562015210091 401.7723395327447500
0.0019822355030918 0.0018469609801553 359.9981097559643800 0.2331519529750173 30.0967516233488830 -0.0864080055242964 0.6111864346859782  1.8849561524567302 401.1510525006859800
0.0020202422462091 0.0018673578238934 359.9981074477022400 0.1832962206803120 30.0900064646844390 -0.0812282595987162 0.6111911028795970  1.8849559595888203 401.1935587120411800
0.0020594086841545 0.0018612517389476 359.9980588421188400 0.1071270055726366 30.0927146321787580 -0.1354686606248965 0.6111958084375314  1.8849556565861600 400.0475604736157600
0.0021083487760751 0.0018645085509098 359.9980474608408400 0.0407939223163828 30.0637762052806040 -0.0903343902595709 0.6112004349590828  1.8849554266668207 401.0074994637481600
0.0021380913068908 0.0019060023966780 359.9980294137193400 0.0683240591929568 30.0233374981227180 -0.1933913722878292 0.6112049904193527  1.8849555230272204 398.7971725147419900
0.0021731417000727 0.0019131894206381 359.9979964152783500 0.1141498749351509 30.0940069938439510 -0.2630272158907475 0.6112099256293344  1.8849557363110052 397.4633739892522000
0.0024738799662855 0.0015571975971048 351.0054651685895800 -4.5021135809363795 29.6586514126772050 -0.1645043808402442 0.6112143836575025  1.8849556227727298 399.5118809815959900
0.0027263774787967 0.0012205405875191 342.0054678496901500 -9.0112429144554138 28.5839424092222100 -0.1578416164054387 0.6112190502890129  1.8849545718174068 399.3651826470464200
0.0029164142540557 0.0008013087469391 333.0054461485579500 -13.2974294270001700 26.7697738789496040 -0.1573089697428732 0.6112233588952769  1.8849526489755308 399.4680429976779100
0.0030158979231109 0.0003560893714501 324.0054155688704900 -17.3046635097414840 24.2810182534556130 -0.0891105101413947 0.6112272745085746  1.8849497307024856 400.8726880249520300
0.0030467300618847 -0.0001178286544412 315.0054112104306200 -20.9160376814671740 21.2175831722687140 -0.1297180518586516 0.6112308313960444  1.8849459392461438 399.9031190323010500
0.0030239149752966 -0.0005725391507184 306.0053611143392800 -24.0139882346127960 17.7188779075607390 -0.1330943467574275 0.6112341768458049  1.8849414747530695 399.6168574645515200
0.0028997529119608 -0.0010027952825876 297.0053298552386400 -26.5195259825435630 13.6526952449877590 -0.1305855590120840 0.6112364285626255  1.8849364295687743 399.6452668117507900
0.0027024850371197 -0.0014220200218159 288.0053008849522500 -28.3164111620887910 9.2777419255175886 -0.1152629860005304 0.6112381165103846  1.8849311906268400 399.9892986439704700
0.0024537785967213 -0.0018108054486313 279.0052956538888200 -29.3725131746953210 4.7071552507823871 -0.1755800866525901 0.6112392418300165  1.8849258756710661 398.6412196793518200
0.0021486647521074 -0.0021407681952434 270.0052631624835700 -29.7498986017825760 -0.0348643837120118 -0.1902691290171896 0.6112394017634691  1.8849201388343595 398.2355436906108800
0.0021647861137542 -0.0020842900369250 269.9977215780321600 -29.7263394669061400 -0.0263992236060926 -0.1624354868332063 0.6112393825088283  1.8849145918790697 398.8220732974153300
0.0021725567692248 -0.0020538119014402 269.9977254024040600 -29.7416153746765450 -0.0612915623659451 -0.2027540975346399 0.6112392431956203  1.8849088071640390 397.8149137435469200
0.0022114664846254 -0.0020174522697042 269.9976729871314700 -29.7492599704503680 -0.0653618710787791 -0.2031770405500880 0.6112391942248633  1.8849030614895805 397.5440436775590500
0.0022466928517230 -0.0019830429167577 269.9976179987503400 -29.7117511609992920 -0.0359752272418357 -0.2030539250325221 0.6112392960081308  1.8848975995021846 397.3948445113621200
0.0022923569877660 -0.0019655004040432 269.9975990120417500 -29.7285734911391870 -0.0022372548196577 -0.2274438807185524 0.6112394339550347  1.8848918593633772 396.6264253023726400
0.0023294061030756 -0.0019566111737044 269.9975760128701300 -29.7592127449550890 -0.0055750991492344 -0.3049982761424652 0.6112394325719481  1.8848860177515181 394.7831865353863900
0.0023684165238925 -0.0018889515857405 269.9975531273347000 -29.8019418481676230 -0.0035104892730857 -0.2604907987954185 0.6112394687835665  1.8848800771506007 395.7508056764166300
0.0023909845703177 -0.0018448088129863 269.9975149143395500 -29.7981788865329310 -0.0308635978219356 -0.3006662977423029 0.6112393081821396  1.8848743769109473 394.5666276654491200
0.0024364437010900 -0.0018400951773034 269.9974953283249300 -29.7688178815135020 -0.0256133093963498 -0.2700173147280852 0.6112393208987454  1.8848688353902683 395.3190482934979900
0.0024525159555509 -0.0018181213076539 269.9974603901669600 -29.7816091996431320 -0.0162754966700550 -0.2554463029769186 0.6112393655343198  1.8848630804582223 395.4318388657754300
0.0024856585708563 -0.0017919721100017 269.9974391352872700 -29.8309728716498450 -0.0119613924660281 -0.2254155902971107 0.6112394108468723  1.8848570980553725 396.1482319641256100
0.0025142417978297 -0.0017647226828301 269.9973751154312800 -29.8382119862590760 -0.0139919725998700 -0.2743147653332074 0.6112394019736094  1.8848513581023645 394.7907896528428200
0.0025428692667367 -0.0017379391317245 269.9973430973630600 -29.8619439998978110 0.0005051115156382 -0.2706126339425852 0.6112395006919031  1.8848455193870499 394.7653190335777300
0.0025668572698478 -0.0017090174556328 269.9972910274287900 -29.8821507994754580 0.0128625372869607 -0.2706211549552737 0.6112395993076222  1.8848397058214343 394.6091358887203500
0.0026306085266111 -0.0016719893117562 269.9972513506238000 -29.9126400616842040 0.0248682612062607 -0.2378326953136819 0.6112396910519500  1.8848338427535694 395.4398197498389300
0.0026490614246785 -0.0016122026889921 269.9971887853939700 -29.9025701456686970 0.0054201659904576 -0.2022488705478148 0.6112395901376214  1.8848281651993661 396.2466691211744200
0.0027121036702833 -0.0016079191173347 269.9971229601405300 -29.8984151698544240 0.0238444514854858 -0.2398517213980890 0.6112396506064304  1.8848224886084786 395.2302660868580200
0.0027156038197020 -0.0015852397647312 269.9971054360070800 -29.9311677252292160 0.0528527964904622 -0.2212687095697739 0.6112398674106003  1.8848166204905823 395.7578291327116600
0.0027711194702774 -0.0015744538102706 269.9970757083053700 -29.9388698668312970 0.0647660148136485 -0.1770561538872513 0.6112399545521465  1.8848108744562775 396.8205066835102500
0.0028179959869320 -0.0015677576568404 269.9970379468638300 -29.9388562458027860 0.0549816308445951 -0.1608785593408494 0.6112399180457834  1.8848051595298920 397.2515999268010200
0.0028342829998130 -0.0015305305600378 269.9970151812655700 -29.9311008652491210 0.0505908443760402 -0.1586174138837750 0.6112398882788664  1.8847994846809200 397.5037313599661400
0.0028739693156791 -0.0014953845096107 269.9969741535871900 -29.9421625156908990 0.0567655142985792 -0.1158095790597383 0.6112399404881502  1.8847937247000728 398.6754994925560700
0.0029139282185908 -0.0014563969204914 269.9969211873332700 -29.9437424188714590 0.0676424161976164 -0.0993414640811606 0.6112400017170605  1.8847880382815931 398.9775920049278300
0.0029425584657862 -0.0014367685150958 269.9968992041255000 -29.9190873870651970 0.0799642675639523 -0.1186174793063732 0.6112400390373728  1.8847824957293771 398.3971121869601000
0.0029731867388161 -0.0014043015386029 269.9968925672126800 -29.9354212433600360 0.0763960965973071 -0.1112297642038997 0.6112400208679842  1.8847766754781903 398.5699829183071200
0.0030071654491588 -0.0013804777475528 269.9968977575972500 -29.9534725793895080 0.0775916893424582 -0.0617914630978094 0.6112400348523851  1.8847708624383384 400.0461250480315700
0.0030267930002264 -0.0013371013710412 269.9968453863551200 -29.9266294274186780 0.0564502500235061 -0.1085722907346569 0.6112398874248293  1.8847652769571057 398.6657334186086800
0.0030538646819466 -0.0013204379635967 269.9968235172688100 -29.9590605487870360 0.0735178946547952 -0.0971759135497250 0.6112400143475641  1.8847593862037695 398.9999798346970000
0.0030572554039659 -0.0012884516851789 269.9967841488251600 -29.9406648754672280 0.0821005874112228 -0.1206251050134484 0.6112400329640583  1.8847538095550103 398.1083985087987000
0.0030949576497193 -0.0012485492246736 269.9967489939793900 -29.9233310613229300 0.0760856714806828 -0.1028677625898702 0.6112399635315083  1.8847481880964796 398.7832582574197900
0.0031125896100088 -0.0012297225043186 269.9967191299709800 -29.9352073015302620 0.0710957758439743 -0.1070808512310600 0.6112399528478135  1.8847423888663828 398.6540911140732000
0.0031412144226040 -0.0012034710007780 269.9966744838312100 -29.9714641509393050 0.0583069846349214 -0.1040852302001814 0.6112399511446468  1.8847364174741137 398.6254523006314800
0.0031575094111365 -0.0011785165075225 269.9966609575362800 -29.9670583025960080 0.0732944508932016 -0.0926092789490812 0.6112400447338861  1.8847307559369695 399.0408178039164100
0.0031757482859665 -0.0011496757117607 269.9966174955666800 -29.9629083874372240 0.0468857793559445 -0.0956155255609740 0.6112398952986032  1.8847250007143510 398.8448636296881200
0.0031963862551613 -0.0011040535604361 269.9965756312983600 -29.9662649455057310 0.0561213428213167 -0.0779470065045246 0.6112399501326588  1.8847192734988474 399.2794807321732800
0.0032491132435673 -0.0010714799850192 269.9965496243414700 -29.9657862385838210 0.0307249662181145 -0.1040363708326369 0.6112398270300048  1.8847134966326848 398.3813757099684400
0.0032914264043762 -0.0010366104807506 269.9965183226258900 -29.9632028262917450 0.0327201715693604 -0.0895265089925970 0.6112398174178448  1.8847077994165538 398.9198330811036600
0.0033301132529423 -0.0010272082912978 269.9964990527748200 -29.9838720362156860 0.0450365965219065 -0.0946430525420726 0.6112399028093262  1.8847019559947649 398.8062019757892900
0.0033806403466893 -0.0009861187053199 269.9964691750384400 -29.9666683634102320 0.0394897383184294 -0.1032905024545444 0.6112398570014729  1.8846963354003259 398.4756126034904500
0.0034229300268937 -0.0009539985062908 269.9964316728769500 -29.9835905760239290 0.0568699770085543 -0.0874557254351572 0.6112399841649253  1.8846905398871845 398.9384636244731700
0.0034459902679181 -0.0009114566731630 269.9963984961153800 -30.0035001915121600 0.0634421495918270 -0.0873786729454931 0.6112400403612376  1.8846847044331181 398.9136173957888300
0.0034777844793222 -0.0008892506859075 269.9963600621407500 -30.0141314163089850 0.0543984951158622 -0.0644979020564046 0.6112400077680605  1.8846788932018352 399.6359019006016000
0.0035019403954627 -0.0008598338623565 269.9963363909431600 -30.0161051866778410 0.0708673701091158 -0.0629472063691406 0.6112401041602328  1.8846731797323986 399.5320208009891900
0.0035149198441436 -0.0008267441827356 269.9963091974073600 -30.0414012244185890 0.0490050727130356 -0.0756026129864155 0.6112400232790366  1.8846672407404552 399.1039265058531700
0.0035672435452631 -0.0007856763857161 269.9962845965162000 -30.0391521763913190 0.0085621836402041 -0.0596092375408665 0.6112397981478847  1.8846614386374840 399.5622125969567800
0.0035829127663135 -0.0007720370666691 269.9962921137159800 -30.0722091535473870 0.0004951869189716 -0.0666091680846393 0.6112398043361872  1.8846554841868399 399.2176086279901000
0.0035970458918202 -0.0007259153137026 269.9962581545845000 -30.0642375492797920 -0.0137999441921732 -0.0913298965966485 0.6112396937503971  1.8846497788675654 398.2602059737574200
0.0036449244543157 -0.0007109934331223 269.9962330928738100 -30.0585169877553930 0.0234052537305690 -0.0944239740699458 0.6112399054721877  1.8846441536731975 398.0163558993531300
0.0037069224320716 -0.0006818879377821 269.9962177233970800 -30.0536964088653560 0.0315803144704075 -0.0979991235268950 0.6112399444750601  1.8846384599511790 397.9394034733182900
0.0037315268959589 -0.0006602257114336 269.9961834900325400 -30.0629112782569940 0.0117108012339607 -0.0959152631489664 0.6112398549362291  1.8846326331228898 398.0280123799315700
0.0037557624526889 -0.0006204845200552 269.9961490740339500 -30.0750495681865860 -0.0047587731024215 -0.0722051851021842 0.6112397695060744  1.8846268057534461 398.7803996921101700
0.0037716797947089 -0.0006114865059422 269.9961312793959700 -30.0596376294884560 0.0084155788801346 -0.0768333643990107 0.6112398349550524  1.8846212019754689 398.5941040431631000
0.0038036805492480 -0.0005575899612599 269.9961265378887000 -30.0720013355896720 -0.0022414163263800 -0.0900869527479185 0.6112397701117157  1.8846153635101490 398.0929716334181900
0.0038401881814609 -0.0005199916408800 269.9961078778923100 -30.0792210531400920 0.0219262244519445 -0.0915600005955945 0.6112399123980866  1.8846096118511493 398.1200912033065200
0.0038770828578145 -0.0004989404127549 269.9960758879580000 -30.0712434688044080 0.0046948181209430 -0.0941746156551883 0.6112398099810116  1.8846038906932074 397.9849279059327500
0.0039077417804326 -0.0004783237841863 269.9960554887201700 -30.0987259475660810 -0.0139777233669477 -0.0922293322580872 0.6112397384129731  1.8845979408790032 398.0092337693132000
0.0039259968018154 -0.0004527595372581 269.9960493842884800 -30.0904812210016920 -0.0157917652280814 -0.0740290053947645 0.6112397241187570  1.8845922619247328 398.6458674089735200
0.0039551667478342 -0.0004715277210794 269.9960065476238900 -30.0886184543142900 -0.0146146553347754 -0.0755628453436168 0.6112397296362624  1.8845865407543865 398.5812299755225500
0.0039954192613213 -0.0004399480155440 269.9959890256671400 -30.0983892039045640 -0.0215601732670004 -0.1012906179393683 0.6112396880303257  1.8845807414979368 397.5917390163541000
0.0040370202618930 -0.0004284976361949 269.9959359083954400 -30.0977072340118110 -0.0402914618680167 -0.1155999888520627 0.6112395725527768  1.8845749764879920 396.9503756104787700
0.0039670759976035 -0.0010010746414911 261.0033974148711900 -29.7502625391392500 -4.7425650394500511 -0.1045651500648711 0.6112391497051022  1.8845690821818610 397.3140040835047000
0.0037815655080866 -0.0015911025659944 252.0033702386418500 -28.6602872389368740 -9.3219799068589797 -0.1074544726181841 0.6112380513658882  1.8845634386955061 397.1733859579296100
0.0035347221096960 -0.0021262658619938 243.0033528585567500 -26.8813478428600520 -13.6812619454546970 -0.0992332110295416 0.6112362268211565  1.8845579680967164 397.4582326421810300
0.0031693827385825 -0.0026493578283137 234.0033183751485000 -24.3929753633277930 -17.6704682237731240 -0.0787609395061657 0.6112338990462291  1.8845532989606490 398.2411741343746000
0.0027298798483837 -0.0030958586703324 225.0032914410281300 -21.3494710557885310 -21.2521076610382770 -0.0913296598320135 0.6112308491233687  1.8845488255014458 397.6804926076442800
0.0022289341406423 -0.0034798936386165 216.0032717905389500 -17.7885112422600320 -24.3002488067272250 -0.0635546287958170 0.6112273529791643  1.8845449675455899 398.6993164465010900
0.0017046193736894 -0.0037780085736735 207.0032552011368500 -13.7676291579400320 -26.7769853991532650 -0.0699472103818302 0.6112232296530119  1.8845419694876278 398.3717466941120100
0.0011203253811844 -0.0039851043930836 198.0032289145389100 -9.4249398880037578 -28.5942205310605860 -0.0685205743654161 0.6112188048047519  1.8845396753082919 398.5041173124301400
0.0005234305178085 -0.0040808684744101 189.0032215285790500 -4.8423500210657249 -29.6912365922697030 -0.0646728705732504 0.6112142551587843  1.8845383402408979 398.6130109143481400
-0.0000942534300548 -0.0041171744564515 180.0031813730482200 -0.1379309527540202 -30.0427676788607840 -0.0370792685103010 0.6112096669399153  1.8845379713973076 399.6693325121494800
-0.0000543277231792 -0.0041021858920687 179.9956297590246100 -0.1411294954962366 -30.0520831615875610 -0.0531980825869563 0.6112049110686203  1.8845378652874862 398.9923186172162600
-0.0000181746742756 -0.0040746872209104 179.9955911503882900 -0.1401004415250452 -30.0425080003068460 -0.0850554300502705 0.6112002850437888  1.8845378497717751 397.6206205912246200
0.0000168368049944 -0.0040348630481926 179.9955744104760000 -0.1537446281189395 -30.0540979602621480 -0.0861073811389416 0.6111955236343137  1.8845376880641649 397.4812132063198100
0.0000417503660641 -0.0040269213063600 179.9955440999074500 -0.1346312568815713 -30.0636290087266250 -0.0958160467215034 0.6111907173564402  1.8845377853169449 397.0212239389798000
0.0000619061255486 -0.0039776652125074 179.9955239848200400 -0.1510286799135604 -30.0643266168420990 -0.0966231459269100 0.6111860435909661  1.8845376165870567 396.8456192410499700
0.0001172898989074 -0.0039513740262414 179.9954944232033800 -0.1502598771001345 -30.0898008255859180 -0.0977543679230307 0.6111811524118477  1.8845375255840286 396.7855110756910300
0.0001294997464764 -0.0039345881162975 179.9954864207021200 -0.1421468117395218 -30.0905380228136290 -0.0970578716533873 0.6111764189687919  1.8845375596922405 396.7684830381898600
0.0001720660571067 -0.0039215864785293 179.9954515113623800 -0.1301406369109501 -30.0997219412039810 -0.0958807819726859 0.6111716200343154  1.8845375957906674 396.8375996951648400
0.0002056437251932 -0.0038877665971970 179.9954385226269000 -0.1196878943545441 -30.1011220287333320 -0.0769497599858857 0.6111668747488961  1.8845376535575526 397.6304054077081700
0.0002340205728302 -0.0038496891818282 179.9953920500239500 -0.1309758464465419 -30.0893752972554440 -0.0712379158217402 0.6111622962267733  1.8845375631354648 397.8609795426696100
0.0002666093844746 -0.0038398816160562 179.9953434926507900 -0.1210435042299807 -30.0951322278792720 -0.0530613805941438 0.6111575224852651  1.8845375975017709 398.5831493705439900
0.0002891362491472 -0.0038097265168484 179.9953181771334400 -0.1015347824479144 -30.0872033287753200 -0.0512909201177936 0.6111528434162107  1.8845377601358992 398.6496140728843300
0.0003488480040976 -0.0038062354738924 179.9953138806771700 -0.1115821710520922 -30.0904182228519090 -0.0547447493610933 0.6111481258842180  1.8845376404276164 398.4481825970452700
0.0003919782408802 -0.0037948272486654 179.9952720836474800 -0.1042747467793167 -30.0791413248809650 -0.0517531436355486 0.6111434905959066  1.8845377182289684 398.5478252002163200
0.0004159586762128 -0.0037766344782696 179.9952314194529800 -0.1176470959995254 -30.0886754620977110 -0.0329049144870886 0.6111387438071781  1.8845375463612741 399.3702346114017100
0.0004394452226327 -0.0037404976795674 179.9951971652218100 -0.1124086567052514 -30.0834520054778660 -0.0324567603192217 0.6111340751420309  1.8845375833492890 399.3725996794384500
0.0004711667929708 -0.0037068022553278 179.9951528793120600 -0.1010441381617796 -30.0930587593037620 -0.0204298327143132 0.6111292694599387  1.8845376326956527 399.8981628385739100
0.0005133668440075 -0.0036815953517298 179.9951137092934600 -0.0901548565758833 -30.1009617560013720 0.0039244588233665 0.6111244716146104  1.8845376864488739 400.9679078547138100
0.0005361801554465 -0.0036238792356834 179.9951186199427900 -0.0781431889160751 -30.1019599547145700 0.0021567658192881 0.6111197296441072  1.8845377712826392 400.8756079993372100
0.0005673909192471 -0.0035980854966424 179.9950986617189100 -0.0703342058907198 -30.1121070917635760 -0.0034893692054424 0.6111149117022870  1.8845377848702642 400.5805903279739900
0.0006148016568085 -0.0035613775599002 179.9950688081035500 -0.0710870787086749 -30.1103320892913690 -0.0003383984603297 0.6111102194747070  1.8845377599975373 400.6692931518911700
0.0006371894020677 -0.0035700789002457 179.9950586754026700 -0.0727419413735768 -30.1086732762433760 -0.0019250023060469 0.6111055328079695  1.8845377287740341 400.6256423761279800
0.0006625648497770 -0.0035244348162667 179.9950193369708700 -0.0695664538846253 -30.1033530790099990 0.0009665172073241 0.6111008554969870  1.8845377659245337 400.7320008599647800
0.0006771132177678 -0.0034983813032598 179.9949775743871500 -0.0472909447226466 -30.1079434527956590 -0.0093211206645622 0.6110960365072053  1.8845379419115338 400.1954269637959100
0.0006865338282392 -0.0034574265451116 179.9949423820637000 -0.0343596419712007 -30.1156514179020750 -0.0001758539814862 0.6110912131648467  1.8845380192791183 400.6122283067298900
0.0007126491423982 -0.0034270933825577 179.9949403087105400 -0.0335335206374849 -30.1143977444743350 0.0008287649078195 0.6110865103118530  1.8845380186255849 400.6475636183694700
0.0007626013870219 -0.0033839781461010 179.9949126995883500 -0.0448927051274910 -30.1132793067511920 -0.0010586606916595 0.6110818513868999  1.8845379059592928 400.5433316751004300
0.0007708630452379 -0.0033692819942894 179.9948751751204600 -0.0439508167283798 -30.1097092582730850 -0.0005279738963609 0.6110771570484078  1.8845379151830595 400.5706552839573100
0.0007926856280178 -0.0033424840065309 179.9948153298336400 -0.0415980529642105 -30.1111857613487750 -0.0132924453329944 0.6110724242821816  1.8845379201281276 399.9568160802350000
0.0008060189004760 -0.0033163925219110 179.9947942503710300 -0.0411107172426999 -30.1141981059744490 -0.0130936998263345 0.6110676796229438  1.8845378989126405 399.9178107478074900
0.0008378369197144 -0.0032923207244214 179.9947821940993400 -0.0364120145782955 -30.1223812953424290 -0.0122323898240993 0.6110628715849034  1.8845378975363940 400.0074768871481900
0.0008514467487226 -0.0032632694138819 179.9947435966788000 -0.0296060518117359 -30.1224516246467430 -0.0165604986740944 0.6110581301320134  1.8845379520509695 399.8179520204749300
0.0008727494709930 -0.0032540163505072 179.9947123943034100 -0.0103023643318652 -30.1186089737434170 -0.0096165670533574 0.6110533829263787  1.8845381495074678 400.1282546473779000
0.0008907821676741 -0.0032230080338850 179.9946662351725000 0.0035711615436508 -30.1143306921864210 -0.0039116903930327 0.6110486549038436  1.8845382932202670 400.4152993957367200
0.0009560114851014 -0.0032071284793084 179.9946757693972200 0.0044517957909811 -30.1089347190131310 -0.0076508908252984 0.6110439825826791  1.8845383217400267 400.2368891455637900
0.0009914368973917 -0.0031988021708401 179.9946296412025200 0.0118843395042483 -30.1198178094210820 -0.0061669196108764 0.6110391382499023  1.8845383467911101 400.2611632118024000
0.0010350136689103 -0.0031760292696182 179.9945936345276600 0.0141046948953000 -30.1259960849949130 0.0011324036850064 0.6110343544585307  1.8845383355002976 400.6332699637390500
0.0010699690193282 -0.0031529002206847 179.9945586022520600 0.0149304245255057 -30.1269120567519340 -0.0074828646457274 0.6110296220501910  1.8845383302565801 400.1520653161309700
0.0011118751124129 -0.0031352769179569 179.9945483636730600 0.0264266962077712 -30.1183854178243070 0.0083723801666516 0.6110249328102082  1.8845384812072061 400.9735812992381600
0.0011143537626332 -0.0031258601666195 179.9945022602204300 0.0393060811443009 -30.1163983143866220 0.0186272847088252 0.6110201728770633  1.8845386202998560 401.4533584203070400
0.0011410314440297 -0.0031092118755614 179.9944980526324200 0.0396633246849069 -30.1103671754019330 0.0198017642929363 0.6110155034564798  1.8845386505840303 401.4949123180377900
0.0011782785840627 -0.0030799915181945 179.9944828948967200 0.0318787478369582 -30.1186564744398950 0.0034725292716218 0.6110107422753583  1.8845385343916092 400.6685117513088700
0.0012262645142220 -0.0030696533681222 179.9944484393300600 0.0252428093149223 -30.1046158475212810 0.0041357259901961 0.6110061731119607  1.8845385423256202 400.6872008461442100
0.0012426934672495 -0.0030348890133070 179.9944044706326700 0.0161517025200301 -30.0972444758399110 0.0172491745625638 0.6110015570919106  1.8845384929706306 401.4314970558423300
0.0012699296770965 -0.0030012791878863 179.9943591345186500 0.0163468060802530 -30.0965673272663920 0.0274461837185656 0.6109968429631614  1.8845385015420422 401.9708710015640300
0.0012920185066436 -0.0029829893921258 179.9943405482591700 0.0098376039079353 -30.1068981384759450 0.0234350163605486 0.6109920647762441  1.8845383869808614 401.7600661960303200
0.0013287905166259 -0.0029504814814941 179.9943048310946900 0.0030415980397695 -30.1005692151134490 0.0241752530319331 0.6109874274771543  1.8845383506634035 401.8031796936610900
0.0013729983914122 -0.0028903798007646 179.9943003470233400 0.0004074691846128 -30.1004741598441790 0.0226388704069176 0.6109827151420145  1.8845383202807506 401.7343486118040800
0.0013904377098206 -0.0028944235484699 179.9942682395855200 -0.0073780843701802 -30.1053509483978980 0.0056762286142267 0.6109779869879235  1.8845382219494067 400.8271003361717800
0.0014077750663095 -0.0028473155178773 179.9942311569676300 -0.0057317990219442 -30.1027588620148270 0.0030001947493965 0.6109732853957112  1.8845382438229819 400.6864396041421500
0.0014265081085835 -0.0028204132141017 179.9942164269536400 -0.0077666436614612 -30.0962457946534520 -0.0086880830552450 0.6109686386351210  1.8845382545168807 400.0478747699390300
0.0014589012901385 -0.0027716211219360 179.9941945129591800 -0.0107485680992417 -30.0929705670361510 -0.0085532922828093 0.6109639573643664  1.8845382452739898 400.0424857199043300
0.0014964935128405 -0.0027605060832316 179.9941790910932900 -0.0078375300438273 -30.0936913176100480 -0.0113169010987881 0.6109592185947144  1.8845382666260266 399.8746893835768800
0.0015212928283470 -0.0027348150072188 179.9941191211256600 -0.0055445910272845 -30.0959929435535650 -0.0143077873421953 0.6109544693218586  1.8845382888883140 399.7152522825932700
0.0015414603364579 -0.0027132739284928 179.9941114614141200 -0.0057839923646105 -30.0965172874085920 -0.0150384895457326 0.6109497448529244  1.8845382799421697 399.6812977553811400
0.0015615372461269 -0.0026979185748427 179.9940985024949800 0.0037894257715274 -30.0970517042706620 -0.0171234634054723 0.6109449866494345  1.8845383769892159 399.5613516930627600
0.0015899799424551 -0.0026495910183772 179.9940687948985100 0.0044350369032512 -30.0873046982481820 -0.0145320250811317 0.6109403543021020  1.8845384361310562 399.6914467650914800
0.0016097660010342 -0.0026157956257136 179.9940435584648500 0.0001840186771283 -30.0930649654391650 -0.0314448320445008 0.6109355950898362  1.8845383738487422 398.7250907569607500
0.0016594122149976 -0.0025818851123957 179.9940080915768600 0.0006250089043685 -30.1047433006517300 -0.0439919836504423 0.6109307676469945  1.8845383300577059 397.9846294825654200
0.0016815273982188 -0.0025553351778568 179.9939590925760100 -0.0058716694551517 -30.0961950876896650 -0.0564698607214196 0.6109261521504723  1.8845383033463725 397.2624498904842800
0.0012994670584931 -0.0027467194773284 171.0014216352917300 4.6751586041350413 -29.7182691551262610 -0.0520908360064717 0.6109215647620402  1.8845387206884974 397.4321543730662300
0.0008433138032850 -0.0028780859490513 162.0014136937344600 9.2613362677289270 -28.6218950125018130 -0.0550917056614433 0.6109169258458493  1.8845401295039825 397.2571783850208900
0.0004332506404027 -0.0029330988209809 153.0013680580025600 13.6159079418782620 -26.8245242449740080 -0.0509967415128129 0.6109125137528126  1.8845423475483072 397.4821156586171500
-0.0000072663433674 -0.0029532469195120 144.0013213029535600 17.6388175301013240 -24.3627145483633070 -0.0502110539341279 0.6109084819017588  1.8845454278218108 397.5283869348575600
-0.0004619436256704 -0.0028961582082109 135.0012818642202600 21.2182573237566490 -21.3093634353174050 -0.0514985577239848 0.6109048640220726  1.8845491149619500 397.4633796508860000
-0.0008771668135567 -0.0027790226469760 126.0012498943777500 24.2742481581284580 -17.7298172106841570 -0.0416475642059632 0.6109018085303258  1.8845534493130589 397.9891228644268000
-0.0012694556445408 -0.0025862518883254 117.0012176341556400 26.7367479688608860 -13.7184704172001200 -0.0341392211007071 0.6108993079695702  1.8845583345103494 398.3967304355737200
-0.0016307035440966 -0.0023196394007967 108.0011664567387600 28.5379000640927280 -9.3658052800827605 -0.0299671279649502 0.6108975293594563  1.8845636296428321 398.6905453449603000
-0.0019552416176156 -0.0020332313255657 99.0011516581559190 29.6385249301977610 -4.7834841290785128 -0.0237632012204397 0.6108964649896550  1.8845692282667164 399.0307762979553000
-0.0021950490237845 -0.0016623483298223 90.0011463934226440 30.0160267189056780 -0.0808233236966404 -0.0223902527977375 0.6108961459535414  1.8845750538799690 399.0841151996687000
-0.0021810051330141 -0.0016474433373502 89.9936110778515540 30.0058207208166790 -0.0762209086136696 -0.0143976516023093 0.6108961854333738  1.8845806662007338 399.5302975825950400
-0.0021800423647496 -0.0016451978322868 89.9935829245104630 30.0036034828690600 -0.0766808065895595 -0.0011627910842789 0.6108961849383731  1.8845863610382581 400.2740746789571100
-0.0021613195756062 -0.0016079056154900 89.9935584850474020 30.0123069846316850 -0.0711539792185406 -0.0008143828438813 0.6108962016613027  1.8845921950335009 400.3057611941611100
-0.0021402493635454 -0.0015823854524633 89.9934998927356840 30.0141236717524360 -0.0723117984807869 -0.0089718133508837 0.6108961853451485  1.8845979272418161 399.8663505020721800
-0.0021152185892567 -0.0015641057025409 89.9934814287232430 30.0090649549972070 -0.0739644330227748 -0.0159148754087495 0.6108961890606656  1.8846035741081826 399.4654074331787700
-0.0020928799496509 -0.0015497620845906 89.9934353606731180 30.0183458579290420 -0.0676398307397989 -0.0176945588881331 0.6108962093393728  1.8846094284165043 399.3413840275978300
-0.0020892049058996 -0.0015533564160424 89.9934063399141730 30.0235541847525800 -0.0660402955472235 -0.0236215667854006 0.6108962000937596  1.8846152147235844 399.0636876749651900
-0.0020562903524729 -0.0015063758882417 89.9933616045609170 30.0270519125584200 -0.0688930941820146 -0.0075129661642858 0.6108961519785049  1.8846209601393409 400.0032655689805100
-0.0020079065886804 -0.0014630861867175 89.9933186008516510 30.0277159857843690 -0.0673348190668511 -0.0118821714156369 0.6108961602278350  1.8846266995771819 399.7239008552766700
-0.0019940926386688 -0.0014096625601297 89.9932871558441580 30.0261844902711200 -0.0710878978700543 -0.0204947137066386 0.6108961226107913  1.8846323885857781 399.1981062486669300
-0.0019529937179001 -0.0013507407510059 89.9932620850919700 30.0276209712048650 -0.0711318382469571 -0.0191931073399453 0.6108961115111279  1.8846381252535223 399.2261692114250300
-0.0019251157329375 -0.0013541381097236 89.9932423444216030 30.0330011132674950 -0.0713247080085523 -0.0218348432565678 0.6108960838416752  1.8846439041219054 399.0299712738381000
-0.0018901412858285 -0.0013216160088085 89.9932305090030840 30.0205536649569960 -0.0683217417832830 -0.0127716429441261 0.6108961844687976  1.8846494954718542 399.5606880400051200
-0.0018797767175804 -0.0012770022529686 89.9931914290631170 30.0220485159571810 -0.0637333730757850 -0.0160513721804771 0.6108962283935401  1.8846552598186479 399.3571834007267400
-0.0018633824556100 -0.0012929345778281 89.9931678225260190 30.0168534008624090 -0.0640022964215565 -0.0098274627242879 0.6108962512648527  1.8846609132709633 399.7583894925765000
-0.0018640968634798 -0.0012610403582730 89.9931580089159980 30.0252250350753340 -0.0556595553569290 -0.0131932808230542 0.6108963089749320  1.8846667893341573 399.5479294492382700
-0.0018419142999488 -0.0012177679503453 89.9931297559070630 30.0226787789592360 -0.0627538195028238 -0.0168773791780437 0.6108962431867854  1.8846724336859728 399.3003194067664500
-0.0018240779682854 -0.0011890403849017 89.9931175899415050 30.0301837614715870 -0.0594330408895552 -0.0161344306282294 0.6108962427808991  1.8846782725242466 399.3082268260148500
-0.0017939175168153 -0.0011399792187941 89.9930770440417690 30.0263806230722140 -0.0629345005996293 -0.0229109711249040 0.6108962313135870  1.8846839235049804 398.9139770364832300
-0.0017574409500175 -0.0010999673408935 89.9930406082374500 30.0262316556147260 -0.0712416442058705 -0.0233825881574991 0.6108961358289581  1.8846895854716119 398.8558216205926800
-0.0017025830261604 -0.0010755498240634 89.9930044945595990 30.0281044465948170 -0.0677172312991625 -0.0275317531935698 0.6108961731618441  1.8846953538708582 398.5557889449467600
-0.0016764631500235 -0.0010061386994316 89.9929726764427900 30.0262103835164960 -0.0700719678342408 -0.0188589200711339 0.6108961629248421  1.8847010348185429 399.0971684530362600
-0.0016460671904272 -0.0010251426261329 89.9929454220319940 30.0299858104314840 -0.0698070541696805 -0.0176103476798255 0.6108961529108408  1.8847068088894730 399.1619259006702100
-0.0016317437436003 -0.0009970778972719 89.9929193151171490 30.0327551841547130 -0.0690724349808434 -0.0133688087712056 0.6108961531306645  1.8847125671030511 399.4168408124046400
-0.0016228884174955 -0.0009746645779645 89.9929166752965130 30.0371857019735170 -0.0668721288833798 -0.0092552426765743 0.6108961599396613  1.8847183664167844 399.6669759169935200
-0.0015705228403897 -0.0009746355255904 89.9928887309281010 30.0418173197620000 -0.0688509784770049 -0.0154651754692040 0.6108961057314835  1.8847241340127872 399.2464890073699200
-0.0015335737782880 -0.0009286315137981 89.9928206101089930 30.0383723898954360 -0.0754721291986346 -0.0068062279359126 0.6108960517006844  1.8847297627658577 399.8379040823344900
-0.0014988417159123 -0.0008779547332773 89.9927730851277090 30.0448208108551920 -0.0721055183166422 -0.0035073058153036 0.6108960527037763  1.8847355942514170 400.0390487896729600
-0.0014641921978465 -0.0008306955451538 89.9927564224245490 30.0452535640998340 -0.0723873869384044 0.0003778475725332 0.6108960530461502  1.8847413210929291 400.2901684794825900
-0.0014380454795596 -0.0007973126134985 89.9927239117452870 30.0477090777554250 -0.0737390423605788 -0.0009719496208724 0.6108960271573758  1.8847470666449069 400.2211024096349700
-0.0014153819434683 -0.0007814602340606 89.9927024157208850 30.0529775239863140 -0.0704053520544839 -0.0062107777248987 0.6108960363571531  1.8847528854880791 399.8702354684170400
-0.0013598976465129 -0.0007480138533906 89.9926627944308710 30.0606115245066330 -0.0715002991983065 -0.0004120395929865 0.6108959695654674  1.8847587053340469 400.2309105693902300
-0.0013406622722033 -0.0007086286977841 89.9926376051788420 30.0588768033889160 -0.0763931715253866 -0.0119377296535325 0.6108959238124836  1.8847643655212176 399.4321586983739400
-0.0013221793195204 -0.0006556836034924 89.9926125109940500 30.0629598864058920 -0.0705320197860265 -0.0196034904144198 0.6108959750449577  1.8847701943151547 398.9242917000498200
-0.0012581247910376 -0.0006094152836846 89.9925763924800320 30.0603552438250650 -0.0701243420596214 -0.0115197870478571 0.6108960068745771  1.8847758894287256 399.4409962515178400
-0.0012268313940436 -0.0006054381653837 89.9925379702481220 30.0624082592706470 -0.0717758464018555 -0.0101345932507070 0.6108959761585154  1.8847816254979324 399.5249169332754500
-0.0011814754087954 -0.0005605131514058 89.9925003041635700 30.0650910769414920 -0.0713045999124496 -0.0095140270219200 0.6108959639945391  1.8847873981391239 399.5810393156411900
-0.0011589897238347 -0.0005528416600650 89.9924474700174670 30.0665660389452820 -0.0721163457092074 -0.0139004565103997 0.6108959532896789  1.8847931369769038 399.2974781903444100
-0.0011238151541214 -0.0005113029962508 89.9924410871115160 30.0621893746248610 -0.0711142730824736 -0.0129899783604788 0.6108960117583056  1.8847988136002327 399.3383895657988200
-0.0011183292788448 -0.0004917742999083 89.9924402332123350 30.0628427409675960 -0.0721101709863324 -0.0105782537115487 0.6108960028518136  1.8848045409483642 399.4609829821720800
-0.0010997908690232 -0.0004972711090132 89.9924253620304030 30.0591180398949970 -0.0751264139779044 -0.0069251126952844 0.6108960097507664  1.8848101930162309 399.7259848726467300
-0.0010683148728250 -0.0005039672055852 89.9923912568240350 30.0601825525540500 -0.0755314359501763 -0.0028286643817366 0.6108960045870625  1.8848159301057581 399.9765312184263200
-0.0010149471799561 -0.0004586110672333 89.9923867218491150 30.0582167987126990 -0.0750055104603276 -0.0025734357475165 0.6108960366562608  1.8848216398264248 399.9917321753148900
-0.0010016278034817 -0.0004264134156614 89.9923480406300630 30.0596293774765010 -0.0764358993470418 0.0020092945120820 0.6108960201055336  1.8848273737394521 400.3225970761136000
-0.0009579160930819 -0.0003969195796168 89.9923090220565030 30.0651470890986550 -0.0747054807644995 0.0101095818181698 0.6108960016948141  1.8848331970538528 400.8642421073084800
-0.0009330104923322 -0.0003935876193848 89.9922685708635580 30.0668952899741480 -0.0749561525877661 0.0054500637393497 0.6108959918021794  1.8848389526477862 400.5414690023939100
-0.0009090275679586 -0.0003465735198182 89.9922306899920410 30.0695461086295990 -0.0747592529115296 -0.0021372353100276 0.6108959829379769  1.8848447189857731 400.0061472377645400
-0.0009048548033427 -0.0003078571236940 89.9922054628399760 30.0651886312190230 -0.0777479559083947 -0.0000226551665206 0.6108959912263420  1.8848503703327164 400.1431139624898500
-0.0008439107776181 -0.0002837699030654 89.9921684257175660 30.0634664959378450 -0.0762043038456941 0.0055100583124472 0.6108960395825730  1.8848560934813088 400.5505724042413900
-0.0008147464414335 -0.0002630764726124 89.9921463829496560 30.0672097160669200 -0.0786880832110529 0.0047133565334025 0.6108959814313427  1.8848618542993341 400.5085233095903200
-0.0007876038552181 -0.0002259465531190 89.9921449821830070 30.0709948938470430 -0.0746612927677548 -0.0020834460488509 0.6108960092742070  1.8848676763403995 400.0258934486727200
-0.0007606380542943 -0.0002230666049768 89.9921391689004080 30.0692680884661990 -0.0819143579486577 -0.0042012521728640 0.6108959419184824  1.8848733166375262 399.8711274837177700
-0.0007349650640276 -0.0002092775745443 89.9920809410894690 30.0701009267926480 -0.0840801722158065 -0.0094065026186998 0.6108959156112017  1.8848790445544543 399.4951110563820300
-0.0007176144569279 -0.0001765293210982 89.9920666172017010 30.0723326292565010 -0.0831997297502080 -0.0117883280348793 0.6108959165702594  1.8848848208409317 399.3112020111228200
-0.0006913563329595 -0.0001598806766219 89.9920468746647940 30.0722922465126250 -0.0858849980609543 -0.0066934124343323 0.6108958900603648  1.8848905298331313 399.6421374018977400
-0.0006674697537819 -0.0001335192862722 89.9919973423172340 30.0758243528144540 -0.0835312305022009 -0.0138790573108155 0.6108958955473421  1.8848963310974243 399.1329333899146800
-0.0006240521464153 -0.0001053651037539 89.9919734297348980 30.0763564967371870 -0.0809307149088827 -0.0164170219134951 0.6108959342300070  1.8849020965336725 398.9302640142703400
-0.0006096380000924 -0.0000954052790611 89.9919292426045840 30.0798948490920420 -0.0815120665088091 -0.0161827784258097 0.6108959070943639  1.8849078759395348 398.9350133551153600
-0.0005870889780697 -0.0000408542211557 89.9919175107784070 30.0779350018628660 -0.0813747799163878 -0.0171894057861875 0.6108959335803699  1.8849135911024388 398.8606266264724800
-0.0005614789797774 -0.0000200295720732 89.9918863692920890 30.0751627926922290 -0.0825858383902600 -0.0142437694212425 0.6108959526748417  1.8849192817065996 399.0685098346874600
-0.0008633960885171 -90.5999872426093450 89.9922801466292840 30.0783741714306390 -0.0732745350759966 0.0713479146574760 0.6108959306012651  1.8849250616361650 399.6217086117987400
-0.0010544930295259 -0.5999749273390742 89.9925534004983090 30.0792441568852310 -0.0717871137951173 0.1111989799390604 0.6108958988454876  1.8849307929034822 399.6340912842679200
-0.0011638367741253 -90.5999316576868100 89.9927101415956370 30.0837194418578340 -0.0662127611740535 0.1219648633259656 0.6108959165506793  1.8849366277976078 399.4373431065914700
-0.0011883757886924 -0.5998968987627203 89.9927560660161420 30.0863325263635100 -0.0707143924439008 0.1274671041876902 0.6108958460017441  1.8849423556821066 399.7897420361589400
-0.0011501396003081 -0.5998862379630100 89.9927575870472650 27.8705866588483710 -0.0760087282098520 0.1261711888937711 0.6108957541513289  1.8849478955926537 399.8153138697503600
-0.0011214460577073 -0.5998679354512563 89.9926997067482120 25.6501103894931400 -0.0777170162610874 0.1230441873357121 0.6108957312773208  1.8849530049487853 399.7094779993336700
-0.0010700108143595 -0.5998337229753159 89.9926803419520100 23.4286654755301280 -0.0753724944217934 0.1190742929403146 0.6108957674990889  1.8849577138244287 399.5388142470665100
-0.0010447582227251 -0.5998059017826355 89.9926349877557360 21.2062942844868910 -0.0789917297083633 0.1171524484772761 0.6108957411489419  1.8849619344479449 399.5262894516513400
-0.0010258486700330 -0.5997814657621128 89.9926182528973730 18.9850942365100900 -0.0828904713490688 0.1171242363692491 0.6108957001396168  1.8849657483810687 399.6397544985075000
-0.0009765048491237 -0.5997454980690260 89.9925741926260230 16.7654795319233900 -0.0816776931551981 0.1084651479324717 0.6108957094312256  1.8849691976508451 399.1082647095539100
-0.0009596104030424 -0.5996778646793142 89.9925316011560310 14.5481514538082010 -0.0836684429723809 0.1025008459211951 0.6108956614388195  1.8849722232494996 398.7667163380766100
-0.0009295448330122 -0.5996828043575083 89.9925252559073810 12.3253696568538780 -0.0849283214572848 0.1022099110937804 0.6108956597502778  1.8849747670639643 398.8584225387564900
-0.0009077293563258 -0.5996834920625013 89.9924978094086040 10.0990918183207940 -0.0841685047462746 0.0982613250862363 0.6108957163639993  1.8849768558112796 398.6462954572892300
